1000
41913291
39518543
22080508
25611376
11400954
64851592
22626638
46910446
6536177
27039563
67100247
34367046
49043536
13769550
5312562
55275715
28953120
65771833
58516037
3411404
57087690
23663008
11371739
63712207
54147760
60920012
21209292
67591089
53509884
36042848
38442677
56078871
60276204
72057917
75801902
69903043
67718953
58496580
2652581
27493593
8850280
41332443
16865471
50096344
54829062
11533653
70026853
72547543
18940179
55052819
20260176
30575565
53090051
19669361
7533780
65946080
65311670
40569680
63074851
29290876
2987180
40542954
62032537
64597767
12727463
40628306
65361265
42503885
62551709
8888338
42816705
74751689
28944736
65444857
45763973
37780867
30268281
41105975
8033219
9467064
65387019
43508291
25766406
17447124
72780811
28037631
30067762
33285734
6872368
40151012
46746799
153944
6003887
6280253
17058527
57625528
44638690
69851967
65726989
56767121
11160817
55486249
37163946
6208362
14254778
24236454
33736133
24437929
41593658
27052856
67618674
54585699
2042496
3700278
68353776
7297540
56732720
9819178
3162328
47373726
24604097
48074210
51922973
50110456
55379430
32998005
71608074
58258025
69306073
44437123
61990854
62972130
25284757
74619950
23806915
16984112
54723343
7410612
61142528
29887416
26252240
36394650
52162955
59469754
40606367
64505644
9134666
52423497
69630892
57105064
24340594
37797593
30920595
66546221
12760032
41898497
38941577
75535971
59531734
43023587
6862950
39783710
32422021
49144698
17714868
7265690
55490570
37332465
12780603
42700766
70230068
4515791
24201646
32378621
47452098
27660605
15363748
67486284
49422489
28548717
50000116
51076170
17085139
58663396
9158405
53349318
29780774
22093202
26106442
30708528
58275608
69991810
71180866
41596913
27179801
72569529
19797633
12536388
33176381
2607601
25739373
16392837
31663618
19566981
3540960
62140374
68803410
24833266
57011801
20703337
47858844
43523699
26367318
40882692
75282319
49639306
37004580
75950225
75687640
65446825
45840725
40774195
71050936
36529643
57427682
36922696
72756749
27099213
69426597
49137559
17436447
72364408
11797914
4375895
18745702
47468216
28289207
39879226
36147145
42510260
62800334
18584713
41189645
11296349
60771997
15436707
70331685
8478854
26846829
59583621
45047180
9825940
3426046
57658728
45933490
44392030
60232227
70342814
8912885
43774038
36130539
41862626
37542608
20976180
58499721
2775080
32271054
43256985
15965472
14996383
53159049
22360283
36522601
57153044
26211814
34818036
66632146
16111107
20676148
46798473
2169230
8642904
33244779
5275123
53815594
47965538
47684765
36734618
65421707
44861123
2569717
24261897
34728410
63136732
31704235
21151044
65319417
40871813
74858038
33092347
75287412
49837933
44751033
74233344
8729281
36613482
60697403
12527541
32831348
65108451
32644139
57807300
51727798
42498631
62346803
897004
34983227
73074595
39495207
21170404
66074457
70318373
7959686
6599277
29500463
11161073
55496233
37553322
21394026
74795715
30661750
56451266
74799609
30813616
62374040
1959247
453567
17689184
6264014
16425206
32926009
68800230
24709246
52175021
59940328
58958753
20677328
46844493
3964010
2682187
28648227
53881006
50516606
71219280
43095059
9650358
72535485
18469917
36712601
64563044
11373266
63771760
56470327
75542988
59805397
53696444
43318688
18371889
32889509
67376730
45149883
13831357
7723035
73327025
49339977
25330749
456501
17803610
10726628
38552878
60376710
20514
800117
31204634
1666605
64997666
28323524
41217589
12386165
27317684
1989829
1646265
64204406
73343521
49983321
50421165
67497081
49843572
44970954
6853126
39400574
17479717
74051938
1654447
64523504
9831206
3631420
65668314
54478796
73830416
68972226
31417090
9952389
8357557
22116246
27005158
65758452
57994178
59016040
22911521
58020883
60057535
63529826
47034901
11389922
64421344
5846966
160334
6253097
15999443
16321252
28871803
62600470
10790017
41025049
4877105
38292892
50237256
60324630
73946531
73500711
56113731
61635744
49122840
16862406
49976809
50167197
57592329
43343929
19356288
71281070
45504869
27675811
15956782
14657473
39941559
38578132
61361616
38431848
55656540
43805295
37349562
13447386
68705303
21007093
59705328
49793753
43028013
7035564
46515656
67096504
34221069
43350433
19609944
5216517
51529960
34782949
65263753
38700917
66150231
73273559
47254803
19966100
19106601
61543277
45516627
28134373
33840700
28516042
48725791
1377495
53722376
44330036
57814461
52007077
53390512
31387340
8792139
39064944
4390147
19301530
69145508
38175088
45642900
33059020
73987659
75104703
42712282
70679192
22031627
23705017
13010090
51650759
39494110
21127621
64405920
5245430
52657567
2802485
33339849
8982853
46502790
66594730
14651883
39723549
30075742
33596954
19009948
57773810
50421688
67517478
50639055
37654
1468577
57274574
30951484
67750892
59742201
51231800
23154709
67505215
50160798
57342768
33611050
19559692
3256689
51053805
16212904
24646231
49717436
40051650
42871681
938616
36606095
60409310
1291914
50384717
66075609
70363301
9711878
74934765
36084700
40074905
43778626
36309471
48840974
5869632
1044308
40728083
69252568
42350428
56566886
3351652
54757362
8737353
36928290
72974915
35607687
21471398
1856086
72387425
12695577
39384752
16862659
49986676
50552010
72600036
20987406
58937535
19849826
14571915
36604797
60358688
75274793
49345792
25557534
9301116
58915047
18972794
56324804
69867591
66336325
4574088
26475229
45091221
11543539
70412407
11627012
73667854
62632308
12031699
13493510
70504139
15204560
61277952
35168952
4360733
18154384
24406814
40380173
55684078
44879277
3277723
51874131
48205618
57047885
22110613
26785471
57190659
27678799
16073314
19202221
65272457
39040373
3431878
57886176
54803962
10554753
31849753
26826246
58780884
13740437
4177155
10994842
49013224
12587382
35165147
4212338
12366979
26569430
48765060
2908986
37493388
19056600
59593238
45422243
24453397
42196910
50579684
73679322
63079560
29474527
10149569
16047577
18198478
26126480
31490010
12796269
43311740
18100917
22321601
35014003
74274859
10348366
23800660
16740167
45209488
16155952
22425103
39050581
3829990
73412544
52675218
3490874
60187020
68579741
16110175
20639800
45380901
22841059
55272865
28841970
61436983
41371161
18375473
33029285
72827994
29877768
25875968
21720042
11553202
70789264
26324435
39210255
10057276
12448150
29735099
20311877
32591904
55770135
48235500
58213283
67561135
52341678
66439951
8615502
32176101
39553818
23456233
3307514
53035980
17560592
1248926
48708185
690861
26943650
63359640
40397647
56365564
71457231
52375148
67745281
59523372
42697469
70101485
75458191
56498314
677344
26416487
42800283
74111231
3966874
2793883
33004371
71856348
67940711
67145142
36117951
41371694
18396260
33839978
28487884
47627629
34506314
54474988
73681904
63180258
33401749
11396953
64695553
16541117
37446538
17229450
64291525
784025
30577046
53147810
21921962
19428082
74081036
2789269
32824425
64838454
22114256
26927548
62731662
15906505
12696670
39427379
18525112
38865206
72557502
19328580
70200458
3361001
55121973
22957182
59801662
53550779
37637753
24686835
51300992
25853197
20831973
52875648
11307644
61212502
32616402
56725557
9539821
68224542
2257414
12082080
15458369
71176503
41426756
20543678
41632143
28553771
50197222
58763304
13054817
53395112
31566740
15788739
8103796
12219567
20820362
52422819
69604450
56073826
60079449
64384472
4408958
20035159
21799902
14667742
40342050
54197281
62851331
20573596
42798945
74059049
1931776
75339335
51862930
47768779
40011164
41292727
15316547
65645445
53586905
39046667
3677344
67459350
48372063
63539240
47402047
25708616
15193314
60839358
18063786
20873492
54494889
74458043
17492542
74552113
21161272
65718309
56428601
73915674
72297288
9180234
54200649
62982683
25696324
14713926
42143226
48486008
67983095
68798118
24626878
48962669
10615737
34228129
43625773
30348204
44222972
53638965
41077007
6903467
41363873
18091241
21944237
20296807
32004174
32848665
65783814
58983296
21634505
8217259
16644624
41483311
22749323
51695161
41225788
12705926
39788363
32603488
56221911
65854764
61750346
53592318
39257774
11910517
8767412
38100591
42737517
71663357
60414062
1477242
57612509
44130949
50050068
53024298
17104994
59437741
39357860
15813871
9083944
50445339
68439867
10655089
35762857
27523028
9998245
10145941
15906085
12680290
38788559
69568269
54662767
5048148
44963569
6565111
28167989
35151724
3688841
67907733
65859000
61915550
60035274
62661647
13175920
58118129
63850129
59526718
42827963
75190751
46068154
49643926
37184760
7020108
45912872
43587928
28872249
62617864
11468383
67481323
49229010
21003036
59547105
43623056
30242241
40090415
44383516
59900181
57393020
35570878
20035847
21826734
15714190
5196385
50744812
4162177
10410700
26231686
35593044
20900321
55541220
39307815
13862116
8922636
44154327
50961810
12625099
36636110
61579895
46944729
7873214
3226869
49890825
46813821
2767802
31987212
32187147
39984612
40257199
50888092
9750097
