2500
468169
18258662
28473656
47072737
12865526
46012763
47483677
28892186
63395407
41792560
34810034
66320068
3940065
1748332
68185019
716017
27924734
25664779
13483671
70120418
239441
9338270
60364053
75484028
57505957
39975421
39898750
36908581
72206264
5630298
67667419
56486754
226504
8833727
40686876
67645495
55631718
42837237
75552437
60173908
68068373
72123960
2420442
18440172
35552546
19320899
69900899
67635337
55235556
27386919
4689994
30995563
69469973
50829223
7454206
62842694
20236753
29662068
17463668
73426027
53201055
23998517
24456590
42321437
55436237
35213478
6097247
9921293
7144813
50776367
5392822
58405855
75071443
41415142
20090732
23967249
23237138
70719946
23621033
9734714
75825369
70818256
27455123
7349950
58776710
13577651
73785638
67225884
39266889
12266002
22631327
47093317
13668146
1357806
52954505
14383067
29239725
992291
38699420
66091848
70996622
34411397
50773225
5270284
53626873
40605419
64468672
7692758
72146222
3288660
52300674
64840795
22205555
30488209
49683167
38715159
66705669
18978504
56547494
2595364
25262130
73737497
65348385
42001565
42961229
4430988
20894329
55307532
30193983
38208353
46940235
7697948
72348632
11182650
56337736
70371939
10048760
12116026
16782263
46851232
4226831
12932206
48613283
72946820
34511982
54696040
6345795
19614665
5400636
58710601
10999400
49190986
19520100
1712601
66791510
22326303
35197381
5469464
61394893
39729651
30313720
42878096
1188801
46363310
61155010
30374214
45237362
17243038
64821457
21451373
1075111
41929400
40146794
46582297
69695503
59624893
46656788
72600652
21011430
59874471
56390330
72423105
14087097
17696895
6564743
28153637
34591996
57816586
52089952
56622637
5525941
63597496
49674031
38358855
52809813
8740079
37034604
1164024
45397007
23469193
3812954
72748140
26763462
56332308
70160247
1792772
69918179
68309257
5561299
64976458
27496412
8960221
45620142
32171458
39372741
16394230
31717945
21685734
10215190
18606796
42050882
44884592
3485008
59958246
59657555
47930606
46322417
59560183
44133098
50133879
56292927
68624388
17851408
12590750
35296499
9335066
60239097
70610744
19362155
71509883
54428576
71871836
68544743
14745253
43364979
20177238
27340983
2898490
37084044
3092184
44638110
69829347
64844809
22362101
36593503
59918222
58096619
63011239
26810008
58147602
64999576
28398014
44122699
49728318
40476048
59423203
38790878
69658710
58189966
66651772
16876521
50527294
71636112
59351507
35994734
36566231
58854614
16615907
40363348
55027903
19288452
68635466
18283450
29440388
8818148
40079295
43949836
42986661
5422836
59576401
44765600
74801457
30885688
65184848
35623622
22092863
26093221
30192909
38166467
45306681
19946479
18341382
31699736
20975583
58476438
1867043
72814748
29361174
5728802
71509075
54397064
70642868
20614991
44413350
61063707
26813397
58279773
70154245
1558694
60789137
16105167
20444488
37763733
29600055
15045161
55061391
20594484
43613577
29872560
25672856
13798674
6448398
23616182
9545525
68446998
10933198
46609108
70741132
24447287
41958620
41286374
15068780
55982532
56518983
1483435
57854036
53550502
37626950
24265518
34869629
68644273
18626923
42835835
75497759
58041466
60860272
18879432
52683686
3821126
73066848
39193074
9387217
62272986
73975278
74621844
23880781
19864886
15159255
59511057
42217184
51370370
28558939
50398774
66623832
15786861
8030554
9363129
61333554
37337430
12974238
50252531
60920355
21222669
68112792
73856301
69981741
70788175
26281964
37553886
21416022
75653559
64117666
69960661
69966055
70176421
2423558
18561696
40291982
52244629
62655040
12918247
48068882
51715181
42006568
43156346
12040551
13838738
8010894
8596389
31430694
10482945
29049241
69520552
52801804
8427728
24852915
57778112
50589466
74060820
2000845
2075889
5002605
43187392
13251345
61059704
26657280
52191210
60571699
7625085
69506975
52272301
63734248
55007359
18487236
37388042
14948106
51276246
24888103
59150444
28153277
34577956
57269026
30735112
59312384
34468937
53017285
16831487
48770968
3139398
46479456
65684704
55118006
22802469
53767855
46103717
51030883
15318946
65739006
57235784
29438674
8751302
37472301
18234207
27519911
9876682
5404984
58880173
17612708
3281450
52019484
53874385
50258387
61148739
30129645
35699171
25039274
65046113
30212957
38948339
75799689
69816736
64352980
3180770
48092964
52654379
2678153
28490901
47745292
39095171
5569000
65276797
39209633
10033018
11502088
68795818
24537178
45464369
26096311
30313419
42866357
730980
28508291
48423502
65545361
49683629
38733177
67408371
46383882
61957318
61664226
50233638
60183528
68443553
10798843
41369263
18301451
30142427
36197669
44480696
63690201
53289526
27448886
7106707
49290233
23390733
753014
29367617
5980079
5351741
56803696
12587242
35159687
3999398
4062319
6516238
26261942
36773028
66919697
27325596
2298397
13680417
1836375
71618696
58672283
9504998
66866445
25248768
73216379
45024783
8952457
45317346
20362414
34562847
56679775
7754323
74547257
20971888
58332333
72204085
5545317
64353160
3187790
48366744
63331799
39311848
14019403
15056829
55516443
38341512
52133436
58318513
71665105
60482234
4135950
9387847
62297556
74933508
36035677
38163008
45171780
14685340
41028372
5006702
43347175
19482882
261099
10182932
17348734
68943601
30300715
42370901
57365333
34491085
53881057
50518595
71296851
46120328
51678712
40584277
63644134
51492913
33338116
8915266
43866897
39752040
31186891
974628
38010563
39226425
10687906
37042720
1480548
57741443
49159375
18287271
29589407
14629889
38865783
72580005
20206197
28470384
46945129
7888814
3835269
73618425
60704577
12807327
43743002
34920135
70614007
19489412
515769
20115062
24916119
60243068
70765613
25402046
3237084
50289210
62350836
1054291
41117420
8479574
26874909
60678741
11799723
4446446
21497191
2862013
35661441
23567804
7658783
70821197
27569822
11823211
5362478
57222439
28918219
64410694
5431616
59918821
58119980
63922318
62342089
713158
27813233
21316240
71762061
64263518
75648889
63935536
62857591
20817736
52320405
65610304
52216406
61554343
45948201
44965759
6650521
31498979
13146060
56953589
18433069
35275529
8517236
28343727
42005506
43114928
10425249
26799097
57722073
48403945
64782638
19937432
17988549
17939249
16016549
16988386
54890029
13911366
10843386
43106440
10094217
13888849
9965223
8858083
41636760
28733834
57219679
28810579
60212734
69582587
55221169
26825826
58764504
13101617
55220312
26792403
57461007
38222371
47486937
29019326
68353867
7301089
56871131
15217207
61771185
54405039
70953893
32744966
61739553
53171391
22841621
55294783
29696772
18817124
50253674
60964932
22961172
59957272
59619569
46449152
64502848
9025622
48170781
55689242
45080673
11132167
54368899
69544433
53733163
44750729
74221488
8266897
18580506
41025572
4897502
39088375
5303956
54940081
15863394
11015341
49812685
43766361
35831136
30185909
37893467
34659681
60456301
3124563
45900891
43120669
10649148
35531158
18486767
37369751
14234757
23455635
3284192
52126422
58044967
60996811
24204453
32488094
51721545
42254764
52835990
9760982
892684
34814747
66503875
11108538
53447368
33604724
19312978
69591980
55587496
41112579
8290775
19511748
1386873
54088118
58593974
6450947
23715593
13422554
67736855
59194758
29881523
26022413
27431397
6424636
22689464
49360660
26137386
31915344
29384295
6630521
30718979
58683197
9930644
7509502
64999238
28384832
43608601
29678496
18104360
22455878
40250806
50638765
26344
1027487
40072064
43667827
31988310
32229969
41654670
29432324
8503652
27813951
21344242
72854139
30897423
65642513
53472557
34587095
57625447
44635531
69728766
60922150
21292674
70842987
28419632
44965801
6652159
31562861
15637458
2203837
9992577
9924889
7285057
56245883
66789672
22254621
32401783
48355416
62890007
22081960
25668004
13609446
75025643
39628942
26386069
41613981
27845453
22572820
44811544
636136
24809375
56080052
60322263
73854218
69900504
67619932
54634761
3955914
2366443
16334211
29377204
6353972
19933568
17837853
12062105
14679344
40794528
71843923
67456136
48246717
58650746
8665055
34108668
38966794
562297
21929654
19728070
9823431
3328195
53842539
49016393
12710973
39985196
40279975
51776356
44392393
60246384
70894937
30445682
48024614
49988729
50632077
75722649
66812176
23132277
66630367
16041726
17970289
17227109
64200226
73180501
43625541
30339156
43870100
39876957
36058654
39059111
4162660
10429537
26966329
64244121
74892406
34432699
51604003
37670626
25968882
25343688
961122
37483829
18683799
45053999
10091881
13797745
6412167
22203173
30395311
46060145
49331575
25003071
63634196
51105331
18222418
27060140
67902750
65664663
54336407
68277245
4312831
16286206
27505009
9295504
58696179
10436942
27255124
75507126
58406779
75107479
42820546
74901488
34786897
65417725
44705825
72470232
15925050
13419925
67634324
55196049
25846146
20556984
42151077
48792197
3967329
2811628
33696426
22889356
57156448
26344570
39995520
40682611
67479160
49144653
17713113
7197245
52821215
9184757
54377046
69862166
66124750
72279800
8498202
27601401
13054792
53394137
31528715
14305764
26224908
35328702
10590983
33262723
5974939
5151281
48985756
11516130
69343456
45895060
42893260
1780197
69427754
49182682
19196244
65039354
29949356
28667900
54648253
4482102
22887775
57094789
23939869
22169318
29074966
70523827
15972392
15266263
63684369
53062078
18578414
40943984
1715570
66907301
26842152
59401218
37933463
36219525
45333080
20976040
58494261
2562140
23966394
23203793
69419491
48860425
6628221
30629279
55184897
25411218
3594792
64239822
74724745
27893920
24463033
42572714
65236040
37620110
23998758
24465989
42687998
69732116
61052800
26388024
41690226
30819008
62584328
10160479
16473067
34792588
65639674
53361836
30268976
41133080
9090314
50693769
2171500
8731434
36697449
63972116
64284211
498779
19452452
75031466
39856039
35242852
7242833
54599147
2566968
24154686
30547181
51983075
52454434
70837435
28203104
36521209
57098756
24094582
28203125
36522028
57130697
25340281
828249
32301782
44455377
62702760
14779327
44693865
72003792
73691027
63536055
47277832
20864231
54133710
60372062
75796379
69687646
59318470
34706291
62274091
74018373
345412
13471139
69631670
57135406
25523932
7990638
7806405
621318
24231473
33541874
16861828
49954267
49288059
23305947
73403497
52322385
65687524
55227986
27091689
69133161
37693555
26863113
60218697
69815144
64290892
759338
29614253
15598883
699412
27277139
408574
15934457
13786798
5985234
5552786
64644451
14548139
35677533
24195392
32134715
37939764
36465264
54916901
14959374
51715698
42026731
43942703
42708474
70530680
16239659
25689676
14454654
32031618
33918981
31569001
15876918
11542777
70382689
10468010
28466776
46804417
2401046
17683728
6051230
8126630
13110093
55550876
39684399
28548892
50006941
51342345
27465964
7772749
75265871
48997834
11987172
11756957
2778572
32407242
48568317
71193146
42075833
45857681
41435479
20883875
54899826
14293449
25744623
16597587
39648868
27163183
71921427
70478792
14216027
22725165
50752999
4481470
22863127
56133517
62407398
3260209
51191085
21566824
5577700
65616097
52442333
70365496
9797483
2316223
14375631
28949721
65639272
53346158
29657534
17286842
66529813
12120120
16941929
53078206
19207406
65474672
46926758
7172345
51850115
47268994
20519549
40691112
67810699
62074674
66241110
860703
33567488
17860774
12956024
49542185
33216861
4186321
11352316
62954710
24605377
48124130
53869853
50081639
54255567
65124485
33269465
6237877
15405863
69128769
37522267
20182881
27561060
11481493
67992613
69169320
39103756
5903815
2377445
16763289
46111246
51324514
26770555
56608935
4991563
42756754
72413600
13716402
3239790
50394744
66466662
9657231
72803532
28923750
64626403
13844267
8226525
17005998
55576897
40699218
68126833
74403900
15380965
68157747
75609546
62401159
3016888
41701566
31261268
3875331
75180843
45681742
34573858
57109204
24502054
44094533
48629844
73592699
59701263
49635218
36845148
69732377
61062979
26785005
57172485
26970013
64387797
4538633
25092484
67121303
35188230
5112575
47476222
28601441
52056352
55312237
30377478
45364658
22207582
30567262
52766234
7040498
46708082
74601118
23072467
64297777
1027853
40086338
44224513
53699064
43420868
22356909
36391015
52021190
53940919
52853213
10432679
27088867
69023103
33401293
11379169
64001977
65448790
45917360
43762960
35698497
25012988
64020959
66189088
74788982
30399163
46210373
55190467
25628448
12066762
14860967
47877825
44263958
55237419
27459576
7523617
65549723
49853747
45367779
22329301
35314303
10029422
11361844
63326302
39097465
5658466
68765971
23373145
67082
2616269
26077425
29576865
14140751
19789401
12215340
20655509
45993552
46734448
75629392
63175153
33202654
3632248
65700606
55738184
46989411
9615812
71188191
41882588
38321126
51338382
27311407
1745026
68056085
71644728
59687531
49099670
15958776
14735239
42974433
4945944
40977613
3027101
42099873
46795241
2043182
3727032
69397182
47990374
48653369
74510174
19525651
1929090
75234581
47777524
40352219
54593872
2361243
16131411
21468004
1723720
67225151
39238302
11151109
55107637
22398078
37996606
38682102
65416446
44655944
70524873
16013186
16857229
49774906
42292980
54326414
67887518
65070615
31168535
258744
10091087
13766779
5204493
51061024
16494445
35626330
22198475
30212089
38914487
74479461
18327844
31171754
384285
14987186
52800366
8371646
22665717
48434527
65975336
66452654
9110919
51497364
33511705
15685237
4067218
6707299
33713321
23548261
6896606
41096294
7655660
70699400
22819739
54441385
72371387
12070095
14990954
52947318
14102774
18308298
30409460
46611956
70852204
28779095
58984858
21695423
10593061
33343765
9135577
52459026
71016523
35187536
5085509
46420648
63391192
41628175
28399019
44161894
51256923
24134506
29760161
21289295
70711206
23280173
72398311
13120131
55942358
54952197
16335918
29443777
8950319
45233964
17110516
59653099
47756822
39544841
23106130
65610634
52229276
62056273
65523471
48829919
5438487
60186790
68570771
15760345
6996430
44989430
7573690
67502570
50057643
53319723
28626569
53036344
17574788
1802570
70300301
7254878
55068902
20887413
55037808
19674747
7743834
74138186
5018119
43792438
36848139
69849026
65612290
52293860
64575049
11841461
6074228
9023552
48090051
52540772
74204617
7608928
68876852
27697504
16802809
47652526
35477297
16386188
31404307
9453852
64871751
23412839
1615148
62990843
26014564
27125286
70443444
12837455
44917994
4787686
34805551
66145231
73078559
39649803
27199648
73343562
49984920
50483526
69929160
68737516
22263400
32744164
61708275
51951549
51224920
22886389
57040735
21831763
15910321
12845494
45231515
17015005
55928170
54398865
70713107
23354312
75289732
49928413
48279753
59939150
58912811
18885590
52923848
13187444
58567565
5420996
59504641
41966960
41611634
27753920
19003033
57504125
39903973
37112278
4193310
11624887
73584979
59400183
37893098
34645290
59895052
57192989
27769669
19617244
5501217
62633260
12068827
14941502
51018690
14843419
47193453
17573450
1750388
68265203
3843193
73927461
72756981
27108261
69779469
62899567
22454800
40208764
48999127
12037599
13723610
3520902
61358112
38295192
50326956
63822930
58465957
1458284
56873147
15295831
64837521
22077869
25508455
7387035
60223025
69983936
70873780
29620559
15844817
10290838
21557068
5197216
50777221
5426128
59704789
49772732
42208194
51019760
14885149
48820923
5087643
46503874
66637006
16300647
28068208
31260265
3836214
73655280
62141922
68863782
27187774
72880476
31924566
29743953
20657183
46058838
49280602
23015124
62061400
65723424
56628086
5738452
71885425
69074714
35414122
13922363
11272269
59832877
54768164
9158631
53358132
30124520
35499296
17244149
64864786
23141204
66978520
29619693
15811043
8973652
46143951
52600009
557723
21751268
12771016
42326873
55648241
43481634
24726783
52858964
10656968
35836138
30380987
45501509
27544771
10846222
43217044
14407773
30203259
38570117
61049031
26241033
35957577
35117108
2338817
15256797
63315195
38664292
64721856
17566934
1496264
58354367
73063411
39059031
4159540
10307857
22220809
31083115
72884501
32081541
35865978
31544747
14931012
50609580
74845266
32594239
55861200
51787035
44808874
532006
20748305
49612596
35962890
35324315
10419890
26590096
49571034
34341972
48065650
51589133
37090696
3351612
54755802
8676513
34555530
56394412
72582303
20295819
31965642
31345917
7176642
52017698
53804731
47541881
31162142
9417
367334
14326097
27017895
66255195
1410018
54990773
17840382
12160736
18525953
38898005
73836663
69215859
40918777
732497
28567454
50730859
3618010
65145324
34082186
37933996
36240312
46143773
52593067
286985
11192486
56721340
9375358
61810485
55937739
54772056
9310419
59277864
33122657
512365
19982306
19738635
10235466
19397560
72890678
32322444
45261195
18172525
25114313
67972634
68390139
8715697
36083706
40036139
42266752
53303522
27994730
28394623
43990450
44570607
67196730
38129883
43879905
40259352
50972059
13024810
52224839
61883230
58774794
13502927
70871402
29527817
12227879
21144530
65065371
30964019
68239757
2850799
35224095
6511310
26069750
29277540
2467076
20258898
30525723
51146213
19816816
13284525
62353724
1166923
45510068
27878572
23864461
19228406
66293672
2910621
37557153
21543435
4665529
30041428
32258708
42775491
73144343
42215379
51299975
25813534
19285116
68505362
13209394
59423615
38806946
70285362
6672257
32346683
46206516
55040044
19761951
11144790
54861196
12786879
42945530
3818727
72973287
35544195
18995210
57199028
28005190
28802563
59900110
57390251
35462887
15824198
9486697
66152706
73370084
51019278
14866351
48087801
52453022
70782367
26055452
28719918
56676955
7644343
70258037
5606582
66742495
20414718
36602703
60277022
72089819
1088943
42468848
61185266
31554198
15299601
64984551
27812039
21269674
69945987
69393769
47857267
43462196
23968701
23293766
72928438
33795084
26737018
55300992
29938923
28261013
38779660
69221208
41127388
8868326
42036237
44313437
57167100
26759998
56197212
64891503
24183167
31657940
19345539
70861859
29155640
73670113
62720409
15467638
71537994
55524905
38671530
65004138
28575932
51061501
16513048
36351847
50493638
70323528
8160731
14440032
31461360
11678919
75692227
65625718
52817552
9041900
48805623
4490943
23232574
70541950
16679189
42831346
75322688
51213697
22448692
39970552
39708859
29502832
11253464
59099482
26165759
33021891
72539628
18631494
43014104
6493113
25360067
1599903
62396288
2826919
34292775
46146967
52717633
5145059
48743098
2052468
4089186
7564051
67126649
35396724
13243841
60767048
15243696
62804256
18737671
47155007
16074056
19231159
66401039
7097934
48948086
10047000
12047386
14105303
18406929
34256069
44715433
72844944
30538818
51656918
39734311
30495460
49965956
49743930
41084916
7211918
53393462
31502390
13279089
62141720
68855904
26880532
60898038
20352306
34168635
41305507
15814967
9126688
52112355
57496354
39600904
25292587
74925320
35716345
25709060
15210630
61514682
44401422
60598515
8670909
34336974
47870728
43987175
44442882
62215455
71731569
63074330
29270557
2194739
9637755
72043968
75257891
48686614
75806729
70091296
75060820
41000845
3933149
1478608
57665783
46208635
55122685
22984950
60884614
19828770
13750731
4578621
26652016
51985914
52565155
75155554
44695471
72066426
176616
6888095
40764365
70667566
21578213
6021871
6981629
44412191
61018506
25050558
65486189
47375921
24689702
51412805
30213904
38985272
1282939
50034692
52424634
69675235
58834441
15829160
9680215
73699908
63882414
60785833
15976311
15419104
69645168
57661828
46054390
49107130
16249716
26081899
29751351
20945705
57311196
32379742
47495817
29365646
5903210
2353850
15843084
10223251
18921175
54311663
67312229
42634344
67639610
55402203
33886152
30288670
41901146
39044888
3607963
64753491
18800699
49613099
35982507
36089378
40257347
50893864
9975205
9247381
56819382
13198996
59018093
22991588
61143496
29925168
27724568
17858305
12859733
45786836
38672524
65042904
30087806
34067450
37359292
13826856
7547496
66481004
10216569
18660577
44148341
50728356
3520393
61338261
37521003
20133585
25638516
12459414
30174395
37444421
17146887
61071568
27119976
70236354
4760945
33762652
25472170
5971920
5033540
44393857
60303480
73121681
41331561
16831073
48754822
2509704
21921390
19405774
73211024
44815938
807502
31492649
12899190
47325659
22729484
50921440
11050669
51190477
21543112
4652932
29550145
13098671
55105418
22311537
34621507
58967515
21019046
60171495
67974266
68453787
11197969
56935177
17715001
7270877
55692863
45221892
16639708
41291587
15272087
63911505
61920382
60223722
70011119
71933917
70965902
33213317
4048105
5961892
4642448
29141269
73109644
40862118
74479933
18346252
31889666
28382853
43531420
26668437
52626333
1584359
61790072
55141632
23723883
13745864
4388808
19249309
67108889
34704084
62188018
70661526
21342653
72792168
28480554
47341759
23357384
75409540
54600925
2636310
26859024
60059226
63595775
49606912
35741214
26678951
53036379
17576153
1855805
72376466
12268176
22716113
50399971
66670515
17607498
3078260
44095074
48650943
74415560
15835705
9935470
7697716
72339584
10829778
42575728
65353586
42204404
50871950
9120559
51873324
48174145
55820438
50197317
58767009
13199312
59030417
23472224
3931163
1401154
54645077
4358238
18057079
20611919
44293542
56391195
72456840
15402762
69007830
32805646
64106073
69508534
52333102
66105487
71528543
55156316
24296559
36080228
39900497
36976714
74863451
33303454
7563448
67103132
34479561
53431621
32990591
71318928
46981331
9300692
58898511
18327890
31173548
454251
17715860
7304378
56999402
20219776
28999965
67598788
53810145
47753027
39396836
17333935
68366440
7791436
37527
1463624
57081407
23417971
1815296
70796615
26611124
50391126
66325560
4154253
10101664
14179282
21292110
70820991
27561788
11509885
69099901
36396415
52231790
62154319
69347265
46043611
48686749
75811994
70296631
7111748
49486832
31058094
71908682
69981737
70788019
26275880
37316610
12162258
18585311
41212967
12205907
20287622
31645959
18878280
52638758
2068934
4731360
32608837
56430522
73990593
75219129
47174896
16849727
49482328
30882438
65058098
30680372
57177524
27166534
72052116
75575663
61079722
27437982
6681451
32705249
60190590
68718971
21540145
4537219
25037338
64970609
27268301
63892
2491859
21225435
68220666
2106250
6186684
13409336
67221353
39090180
5374351
57685486
46977052
9133811
