500
43450494
23512323
5495024
62391733
2649274
27364620
3820333
73035921
37986921
38304387
50685561
1851388
72204203
5549919
64532638
10187432
17524234
75788101
69364804
46727632
75363568
52808017
8670035
34302888
46541374
68099506
73338147
49773735
42247311
52545323
74382106
14530999
35009073
74082589
2849836
35186538
5046587
44902690
4190830
11528167
69812899
64203337
73301830
48357372
62966291
25057036
65738831
57228959
29172499
74327614
12405811
28083878
31871395
27670284
15741229
6250906
15913994
12988741
50818148
7022281
45997619
46893061
5858162
596978
23282213
72477871
16222971
25038844
65029343
29558927
13441169
68462840
11551036
70704790
23029949
62639575
12315112
24546617
45832490
40453030
58525501
3780500
71482434
53358065
30121907
35397389
13269776
61778513
54690831
6142644
11691776
236513
9224078
55910565
53712270
43935902
42443235
60186359
68553962
15104794
57387078
35339140
10998065
49138921
17489565
74436010
16633255
41039920
5457074
60911683
20884461
54922680
15184755
60505557
5045547
44862130
2608990
25793544
18505506
38100572
42736776
71634458
59287001
33479000
14409742
30280050
41564966
25933868
23978142
23661965
11331062
62125804
68235180
2672296
28262478
38836795
71449473
52072586
55945363
55069392
20906523
55783098
48741057
1972869
984825
38408246
54736062
7906653
4530990
24794407
55496300
37555935
21495933
2812951
33748023
24901639
59678348
48741533
1991433
1708821
66644090
16576923
38842972
71690376
61467803
42573141
65252693
38269577
49327971
24862515
58152512
65191066
35866124
31550441
15153078
59270154
32821967
64742592
18375638
33035720
73078959
39665403
27808048
21114025
63875676
60523051
5727813
71470504
52892795
11976377
11335952
62316514
75672870
64870795
23375555
161072
6281879
17121941
60098674
65134247
33650183
21085879
62777982
17712985
7192253
52626527
1591925
62085146
66649518
16788615
47098960
13888223
9940809
7905937
4503066
23705371
13023896
52189193
60493036
4557228
25817689
19447161
74825117
31808428
25214571
71882696
68968283
31263313
3955086
2334151
15074823
56218209
65710386
56119604
61864791
58055673
61414345
40488279
59900212
57394229
35618029
21874736
17586268
2250290
11804244
4622765
28373632
43171801
12643296
37345793
13300395
62972654
25305193
75416954
54890071
13913004
10907268
45597838
31301602
5448357
60571720
7625904
69538916
53518000
36359372
50787113
5811916
74750521
28899184
63668329
52436518
70138711
952868
37161923
6129465
11177795
56148391
62987484
25883563
22016247
23105197
65574247
50810183
6711646
33882854
30160048
36884888
71282237
45550382
29450818
9224918
55943325
54989910
17806725
10848113
43290793
17283984
66418351
7773102
75279638
49534747
32926779
68830260
25880416
21893514
18318610
30811628
62296508
74892636
34441669
51953833
51313996
26360353
40611057
64688554
16268156
26801059
57798591
51388147
29252242
1480454
57737777
49016401
12711285
39997364
40754527
70283884
6614615
30098645
34490171
53845411
49128401
17079285
58435090
254471
9924440
7267546
55562954
40155441
46919530
6890453
40856327
74254084
9538141
68159022
75659271
64340434
2691476
29010498
68009575
69830838
64902958
24629912
49080995
15230451
62287701
74549163
21046222
61231359
33351825
9449917
64718286
17427704
72023431
74456948
17449837
72886618
32164104
39085935
5208796
51228841
23039308
63004576
26550151
48013179
49542764
33239442
5066980
45698017
35208583
5906342
2475998
20606856
44096085
48690372
75953291
75807214
70110211
75798505
69770560
62552116
8904211
43435752
22937385
59029579
23439542
2656565
27648969
14909944
49787928
42800838
74132876
4811029
35715928
25692797
14576373
36778659
67139306
35890347
32495138
51996261
52968688
14936204
50812068
6785161
36749939
66019226
68164364
75867609
72465616
15745026
6398989
21689231
10351573
23925733
21618014
7574110
67518950
50696463
2276566
12829008
44588561
67896936
65437917
45493313
27225127
74337243
12781342
42729587
71354087
48352532
62777531
17695396
6506282
25873658
21629952
8039692
9719511
75232452
47694493
37114010
4260858
14259259
24411213
40551734
62374957
1995010
1848324
72084707
889575
34693496
61775086
54557178
930177
36276974
47573591
32398832
48240327
58401536
74903002
34845943
67720519
58557654
5034467
44430010
61713447
52153257
59091532
25855709
20929941
56696400
8402698
23876745
19707482
9020499
47970984
47897159
45017984
8687296
34976067
72795355
28604847
52189186
60492763
4546581
25402456
3253074
50912820
10714489
38079457
