100
43539855
26997402
65455968
46197302
54680698
5747457
72236620
6814182
37881758
34203030
42646912
68129762
74518131
19835974
14031687
15535905
74200407
7444738
62473442
5835925
75686872
65416873
44672597
71174340
41342399
17253755
65239420
37751930
29139738
73049935
38533467
59619681
46453520
64673200
15669350
3447625
58500309
2798012
33165402
2179420
9040314
48743769
2078637
5109777
47367100
24345683
37996064
38660964
64592064
12505046
31954043
30893556
65491700
47590850
33071933
74491266
18788239
49127159
17030847
56546008
2537410
23001924
61546600
45646224
33188656
3086326
44409648
60919329
21182655
66552246
12995007
51062522
16552867
37904788
35101200
1718405
67017866
31154187
75656309
64224916
74143411
5221894
51739663
42961366
4436331
21102706
63434235
43306852
17910285
14886953
48891279
7831527
1601076
62442035
4611052
27916825
25356328
1454082
56709269
8904589
