10000
52390152
68330437
6387319
21234101
68558640
15287236
64502316
9004874
47361609
24131534
29644253
16768883
46329412
59832988
54772493
9327462
59942541
59045060
24043301
26203166
34480764
53478538
34820354
66722548
19636785
6263316
16397984
31864351
27395568
5027305
44150692
50820045
7096264
48882956
7506930
64898930
24472820
42954407
4164930
10518067
30418999
46983977
9403886
62923077
23371690
10337
403214
15725417
5634238
67821079
62479494
6071953
8934827
44629776
69504321
52168795
59697514
49489007
31142919
75216857
47086288
13394015
66623834
15786939
8033596
9481767
65960436
65871554
62405156
3172771
47781003
40487900
59885431
56817770
13136128
56566241
3326497
53776317
46433735
63901585
61533502
45135402
13266598
61654571
49857093
45498273
27418567
5924266
3175034
47869260
43929923
42210054
51092300
17714209
7239989
54488231
74198381
7365724
59391896
37569905
22040763
24061321
26905946
61889184
59007000
22558961
44271043
55513734
38235861
48013047
49537616
33038670
73194009
44152353
50884824
9622645
71454678
52275581
63862168
59996239
61139282
29760822
21315074
71716587
62490032
6482935
24963125
62076302
66304602
3336891
54181683
62243009
72806175
29026827
68646406
18710110
46080128
50110912
55397214
33691581
22700401
49787203
42772563
73030151
37761891
29528217
12243479
21752930
12835834
44854775
2322145
14606589
37957083
37140705
5301963
54862354
12832041
44706848
72510129
17481033
74103262
3656083
66630171
16034082
17672173
5600585
66508612
11293281
60652345
10770279
40255267
50812744
6811525
37778135
30161733
36950603
73845122
69545760
53784916
46769096
1023527
39917624
37644667
24956481
61817186
56199078
64964277
27021353
66390057
6669636
32244464
42219975
51479219
32804050
64043829
67081018
33617115
19796227
12481554
31037855
71119361
39198218
9587833
70097010
75283666
49691839
39053367
3938644
1692913
66023678
68337992
6681964
32725256
60970863
23192481
68978323
31654873
19225926
66196952
75095678
42360307
56952167
18377611
33112667
122755
4787516
34798921
65886661
62994329
26150518
32427492
49358067
26036259
27971391
27484402
8491831
27352932
3364501
55258473
28280682
39546751
23180620
68515744
13614292
75214637
46999708
10017395
10892791
45033235
9282085
58172838
65983780
66781970
21954243
20687041
47223300
18737483
47147675
15788108
8079187
11259816
59347210
35827151
30030494
31832282
26144877
32207493
40778106
71203465
42478274
61552880
45891144
42740536
71781098
65005961
28647029
53834284
48694448
155118
6049673
8065907
10741896
39148330
7642201
70174499
2348600
15638334
2238001
11324973
61888333
58973811
21264590
69747711
61661005
50108019
55284387
29291328
3004808
41230446
12887588
46873181
5082842
46316635
59334685
35338676
10979969
48433177
65922686
64399304
4987406
42594631
66090803
70955867
32821952
64742007
18352823
32145935
38377344
53530884
36861848
70383677
10506542
29969524
29454452
9366644
61470639
42683745
69566249
54583987
1975728
1096326
42756785
72414809
13763553
5078679
46154278
53002762
16265090
26681485
53135205
21430367
255877
9979274
9406072
63008331
26696596
53724534
44414198
61096779
28103205
32625148
57066651
22842487
55328557
31013958
70187378
2850881
35227293
6636032
30933908
67065428
33009105
72040974
75141125
44132740
50119917
55748409
47388186
25168037
70067870
74147206
5369899
57511858
40205560
48874171
7164315
51536945
35055364
75887938
73258447
46665435
72937885
34163517
41105905
8030489
9360594
61234689
33481695
14514847
34379145
49515397
32172129
39398910
17414821
71520994
54861905
12814530
44023919
45875898
42145942
48591932
72114131
2037111
3490263
60163191
67650410
55823403
50312952
63276774
37165873
6283515
17185745
62587030
10265857
20582809
43158252
12114885
16737764
45115771
12500989
31795820
24722859
52705928
4688564
30939793
67294943
41960190
41347604
17456750
73156225
42678777
69372497
47027659
11107484
53406262
32001590
32747889
61853550
57617274
44316784
57297633
31850785
26866494
60350556
74957645
36977020
74875385
33768880
25715062
15444708
70643724
20648375
45715326
35883634
32233331
41785788
34545926
56019856
57974619
58253239
69119419
37157617
5961531
4628369
28592188
51695485
41238424
13198730
59007719
22587002
45364642
22206958
30542926
51817130
45982579
46306501
58939459
19924862
17498319
74777416
29948089
28618487
52721146
5282066
54086371
58525841
3793760
71999574
73526525
57120477
24941701
61240766
33718698
23757964
15075023
56226009
66014586
67983404
68810169
25096867
67292240
41854773
37236341
9031767
48410436
65035787
29810243
23242493
70928791
31765988
23559411
7331456
58055444
61405414
40139970
46316161
59316199
34617722
58819900
15262061
63520491
46670836
73148524
42378438
57659276
45954862
45225538
16781902
46837153
3677750
67475184
48989589
11665617
75173449
45393376
23327584
74247340
9275125
57901398
55397620
33707415
23317927
73870717
70543965
16757774
45896161
42936199
3454818
58780836
13738565
4104147
8147530
13925193
11382639
64137307
70726660
23882879
19946708
18350313
32048045
34559634
56554468
2867350
35869584
31685381
20415738
36642483
61828442
56638062
6127516
11101784
53183962
23331890
74415274
15824551
9500464
66689619
18352554
32135444
37968195
37574073
22203315
30400849
46276127
57754873
49683145
38714301
66672207
17673486
5651792
68505685
13221991
59914898
57966983
57955435
57505063
39940555
38538976
59834532
54832709
11675886
75573940
61012525
24817299
56389088
72374667
12198015
19979834
19642227
6475554
24675266
50849801
8256748
18184695
25588943
10526067
30730999
59151977
28213064
36909649
72247916
7254726
55062974
20656221
46021320
47817400
41907383
39288131
13094440
54940409
15876186
11514229
69269317
43003639
6084978
9442802
64440801
6605789
29754431
21065825
61995876
63167988
32923219
68691420
20465656
38589285
61796583
55395561
33627114
20186188
27690033
16511440
36289135
48047870
50895713
10047316
12059710
14585939
37151733
5732055
71635942
59344877
35736164
26482001
45355329
21843751
16377853
31079242
72733454
26190708
33994902
34529920
55395622
33629493
20278969
31308492
5717067
71051410
36548129
58148636
65039902
29970728
29501408
11197928
56933578
17652640
4838798
36798919
67929446
66705807
18983886
56757392
10781386
40688440
67706491
58010562
59655016
47831585
42460598
60863516
19005948
57617810
44337688
58112889
63645769
51556678
35824951
29944694
28486082
47557351
31765472
23539287
6546620
27446840
7026913
46178267
53938333
52752359
6499373
25604207
11121363
53947543
53111549
20507783
40232238
49914613
47741553
38949350
75839118
71354467
48367352
63355511
40236616
50085355
54400491
70776521
25827458
19828152
13726629
3638643
65950011
65464979
46548731
68386429
8571007
30440796
47834060
42557123
64627991
13906199
10641873
35247433
7421492
61566848
46435896
63985864
64820383
21409487
75398694
54177931
62096681
67099383
34333350
47729392
38475071
57342237
33590341
18752041
47715437
37930826
36116682
41322203
16466111
34521304
55059598
20524557
40886424
75427867
55315678
30511677
50598419
74409987
15618358
1458937
56898614
16289044
27615691
13612102
75129227
43668718
32023059
33585180
18550762
39865556
35614015
21718190
11480974
67972372
68379921
8317195
20542128
41571693
26196221
34209909
42915193
2635584
26830710
58954980
20530181
41105760
8024834
9140049
52633434
1861298
72590693
20623029
44726832
73289505
47876697
44219966
53521731
36504881
56461964
75216831
47085274
13354469
65081540
31594610
16875669
50494066
70340220
8811719
39828564
34171327
41410495
19909499
16899162
51410293
30115936
35164520
4187885
11413312
65333554
41423156
20403278
36156543
42876782
1137555
44364716
59166981
28798220
59730733
50784548
5711881
70849156
28660223
54348850
68762522
23238634
70778290
25896449
22518801
42704803
70387511
10656068
35801038
29012087
68071546
72247707
7246575
54745085
8258550
18254973
28329785
41461768
21909146
18928258
54587900
2128335
7047999
47000621
10053002
12281464
23234345
70611019
19372880
71928158
70741301
24453878
42215669
51311285
26254624
36487626
55789019
48971976
10978710
48384076
64007747
65673820
54693530
6247905
15796955
8424220
24716103
52442444
70369825
9966314
8900632
43296171
17493726
74598289
22962136
59994868
61085813
27675531
15945862
14231593
23332239
74428885
16355380
30202795
38552021
60343287
74674154
25920871
23471259
3893528
75890526
73359379
50601783
74541183
20735002
49093779
15729027
5775028
73311889
48749673
2308893
14089761
17800791
10616687
34265179
45070723
10744117
39234949
11020342
50007724
51372882
28656907
54219526
63718886
54408241
71078771
37615208
23807580
17010047
55734808
46857747
4480916
22841521
55290883
29544672
12885224
46780985
1487198
58000793
59274025
32972936
70630383
20128076
25423665
4080225
7214572
53496968
35539124
18797441
49486037
31027089
70699487
22823132
54573712
1575003
61425188
40911156
435278
16975913
54403582
70897070
30528869
51268907
24601882
47987825
48553958
70633145
20235794
29624667
16005029
16539106
37368109
14170719
20958153
57796668
51313150
26327359
39324291
14504680
33982632
34051390
36732952
65356733
42327137
55658537
43883178
40386999
55950292
55261623
28403532
44337901
58121196
63969742
64191625
72845062
30543420
51836396
46733953
75610087
62422258
3839749
73793145
67518657
50685036
1830913
71405678
50364581
65290305
39736445
30578686
53211770
24416402
40754105
70267426
5972753
5066027
45660850
33759070
25332472
523698
20424293
36976128
74840597
32412148
48759651
2698035
29266299
2028677
3161337
47335077
23096786
65246218
38017052
39479496
20557675
42178026
49843208
44956758
6299482
17808458
10915700
45926686
44126674
49883343
46522023
67344817
43905276
41248821
13604213
74821556
31669549
19798290
12562011
34175678
41580184
26527370
47124720
14892863
49121769
16820637
48347818
62593685
10525402
30705064
58140512
64723066
17614124
3336674
54173220
61912952
59933952
58710089
10979432
48412234
65105909
32545001
53940918
52853174
10431158
27029548
66709662
19134231
62620847
11584720
72018466
74263313
9898072
6239194
15457226
71131926
39688253
28699198
55868875
52086360
56482549
62509
2437922
19121892
62139626
68774238
23695558
12641189
37263620
10095648
13944658
12141774
17786435
10056803
12429703
29015666
68211127
1734229
67635002
55222491
26877384
60775266
15564198
75303834
50478391
69728895
60927181
21488883
2538001
23024973
62445511
4746616
33203821
3677761
67475613
49006320
12318126
24664163
50416784
67326222
43180071
12965826
49924463
48125703
53931200
52474172
71607217
58224602
68002576
69557877
54257479
65199053
36177617
43698668
33191109
3181993
48140661
54514562
75225290
47415175
26220608
35161002
4050683
6062434
8563586
30151377
36546719
58093646
62895292
22288075
33706489
23281813
72462271
15614571
1311244
51138587
19519402
1685379
65729852
56878778
15515440
73402272
52274610
63824299
58519348
3540533
62123721
68153943
75461190
56615275
5238823
52399894
68710375
21204901
67419840
46831173
3444530
58379604
74047654
1487371
58007540
59537158
43235123
15112854
57701418
47598400
33366383
10017679
10903867
45465199
26128681
31575849
16143990
21958585
20856379
53827482
48429170
65766413
58304657
71124721
39407258
17740393
8261165
18356958
32307200
44666679
70943538
32341121
45989598
46580242
69615358
56499238
713380
27821891
21653902
8973742
46147461
52736899
5896433
2089547
5535267
63961210
63858877
59867890
56133671
62413404
3494443
60326211
74008190
75905412
73939933
73243389
46078173
50034667
52423659
69637210
57351466
33950272
32789350
63470529
44722318
73113459
41010903
4325411
16776826
46639189
71914291
70200488
3362171
55167603
24736752
53247755
25819817
19530153
2104668
6124986
11003114
49335832
25169094
70109093
75754903
68070082
72190611
5019831
43859206
39452091
19488880
495021
19305890
69315548
44806648
445192
17362559
69482776
51328540
26927569
62732481
15938446
13942369
12052503
14304866
26189886
33962844
33279658
6635404
30909416
66110240
71713910
62385629
2411218
18080436
21522842
3862402
74676612
26016733
27209877
73742493
65543229
49600481
35490405
16897400
51341575
27435934
6601579
29590241
14662415
40134297
46094914
50687566
1929583
75253808
48527377
69596486
55763230
47966205
47710778
37749125
29030343
68783530
24057946
26774321
56755809
10719649
38280697
49761651
41776035
34165559
41185543
11136371
54532855
75938717
75238828
47943157
46811906
2693117
29074497
70505536
15259043
63402789
42080458
46038056
48470104
67362839
44608134
68660283
19251313
67187045
37752168
29149020
73411933
52651389
2561543
23943111
22295756
34006048
34964614
72348688
11184834
56422912
73693803
63644319
51500128
33619501
19889281
16110660
20658715
46118586
51610774
37934695
36267573
47206952
18099911
22282367
33483877
14599945
37697967
27035181
66929349
27702024
16979089
54527446
75727766
67011739
30915234
66337142
4605951
27717886
17597707
2696411
29202963
75515710
58741555
12206606
20314883
32709138
60342261
74634140
24360325
38567102
60931446
21655218
9025066
48149097
54843566
12099309
16130300
21424675
33889
1321742
51548009
35486860
16759145
45949630
45021490
8824030
40308693
52896358
12115334
16755275
45798700
39135220
7130911
50234189
60205017
69281624
43483612
24803925
55867502
52032813
54394216
70531796
16283183
27387112
4697521
31289116
4961403
41580514
26540240
47626650
34468133
52985929
15608603
1078492
42061259
45289295
19268425
67854413
63779520
56772967
11388811
64378015
4157135
10214062
18562804
40335194
53929897
52423355
69625354
56889082
15917296
13117519
55840490
50979345
13308964
63306845
38338642
52021506
53953243
53333849
29177483
74521990
19986475
19901226
16576515
38827060
71069808
37265651
10174857
17033809
56661526
7042612
46790528
1859375
72515696
17698146
6613532
30056408
32842928
65560071
50257319
61107087
28505217
48303616
60869807
19251297
67186421
37727832
28199916
36396877
52249808
62857021
20795506
51453435
31798474
24826365
56742662
10206916
18284110
29466128
9822008
3272698
51678156
40562593
62798458
18511549
38336249
51928179
50313490
63297756
37984171
38197137
46502811
66595549
14683824
40969248
2700866
29376708
6334628
19179152
64372766
3952424
2230333
11025921
50225305
59858541
55769060
48193575
56578208
3793210
71978124
72689975
24495027
43820480
37941777
36543771
57978674
58411384
75287074
49824751
44236935
54183522
62314730
75603294
62157331
69464733
50624863
75441303
55839682
50947833
12079996
15377093
68006739
69720234
60589402
8315502
20476101
38996640
1726291
67325420
43148793
11745984
2350625
15717309
5318026
55488811
37263864
10105164
14315782
26615610
50566080
73148766
42387876
58027358
60310060
73378301
51339741
27364408
3812065
72713469
25411293
3597717
64353897
3216533
49487721
31092765
73260851
46759191
637232
24852119
57747068
49378750
26842896
59430234
39065087
4395724
19519033
1670988
65168603
34990067
73341355
49898847
47126679
14969264
52101408
57069421
22950517
59541727
43413314
22062303
24901381
59668286
48349115
62644268
12498139
31684670
20388009
35561052
19652633
6881388
40502792
60466219
3511365
60986169
23789415
16301612
28105843
32728030
61079049
27411735
5657818
68740699
22387537
37585507
22649241
47791963
40915340
598454
23339777
74722867
27820678
21606595
7128769
50150651
56947035
18177463
25306895
75483332
57478813
38916805
74569863
21853522
16758922
45940933
44682307
71553030
56111309
61541286
45438978
25106062
67650845
55840368
50974587
13123402
56069927
59927388
58454093
995588
38828003
71106585
38699954
66112674
71808836
66087743
70836527
28167692
35140141
3237104
50289990
62381256
2240671
11429103
65949403
65441267
45623963
32320477
45184482
15180718
60348114
74862407
33262738
5975524
5174096
49875541
46217745
55477975
36841260
69580745
55149331
24024144
25456043
5342967
56461510
75199125
46394740
62380780
2222107
10705107
37713559
27643269
14687644
41118228
8511086
28103877
32651356
58088763
62704855
14861032
47880360
44362823
59093154
25918967
23397003
997544
38904287
74081661
2813644
33775050
25955692
24829278
56856269
14637589
39166083
8334568
21219675
67996026
69302427
44294929
56445288
74566467
21721078
11593606
72365020
11821782
5306747
55048930
20108505
24660396
50269871
61596615
47596809
33304334
7597768
68441612
10723144
38417002
55077546
21224529
68185332
728224
28400807
44231626
53976471
54239741
64507271
9198119
54898164
14228631
23216721
69923683
68523913
13932883
11682549
75833797
71146948
40274111
51547660
35473249
16228316
25247299
73159088
42790434
73727120
64943682
26218148
35065062
309023
12051968
14284001
25376151
2227179
10902915
45428071
24680689
51061298
16505131
36043084
38451881
56437827
74275488
10372897
24757369
54051818
57178274
27195784
73192866
44107776
49146321
17778165
9734273
75808170
70147495
1295444
50522387
71444739
51887960
48744949
2124657
6904557
41406383
19749131
10644810
35361976
11888669
7915340
4869783
38007334
39100494
5776597
73373080
51136122
19423267
73893251
71422791
51031988
15362041
67419711
46826142
3248321
50727453
3485176
59964798
59913083
57896198
55194820
25798215
18687675
45205163
15987277
15846778
10367317
24539749
45564638
30006802
30908294
66066482
70007348
71786848
65230211
37392779
15132849
58481223
2053658
4135596
9374041
61759122
53934582
52606070
794102
30970049
68474927
12022429
13131980
56404469
72974526
35592516
20879729
54738132
7987383
7679460
71627600
59019539
23047982
63342862
39743305
30846226
63645830
51559057
35917732
33563153
17691709
6362489
20265731
30792210
61539206
45357858
21942382
20224462
29182719
74726194
27950431
26666962
52568808
75298021
50251684
60887322
19934382
17869599
13300199
62965010
25007077
63790430
57198457
27982921
27934072
26028961
27686769
16384144
31324591
6344928
19580852
4081929
7281028
56088752
60661563
11129781
54275845
65915327
64112303
69751504
61808932
55877172
52409943
69102286
36489430
55859375
51715860
42033049
44189105
52318152
65522437
48789593
3865773
74808081
31144024
75259952
48766993
2984373
40433481
57763090
50003608
51212358
22396471
37933933
36237855
46047950
48855970
6454476
23853224
18790163
49202195
19957251
18761490
48083948
52302755
64921954
25370756
2016774
2697120
29230614
636962
24841589
57336398
33362620
9870922
5180344
50119213
55720953
46317402
59364598
36505283
56477642
75828273
70931512
31872107
27698052
16824181
48486034
67984109
68837664
26169172
33154998
1773664
69172967
39245989
11450902
66799564
22640409
47447515
27481868
8393005
23498718
4964429
41698528
31142786
75211670
46883995
5504588
62764729
17196118
62991577
26043190
28241700
38026453
39846135
34856596
68135986
74760867
29302678
3447458
58493796
2544005
23259129
71577595
57069344
22947514
59424610
38845751
71798757
65694662
55506368
37948587
36809361
68336684
6630952
30735788
59338748
35497133
17159792
61574863
46748481
219542
8562209
30097674
34452302
52368520
67486789
49442184
29316822
3999074
4049683
6023434
7042586
46789514
1819829
70973402
33505817
15455605
71068707
37222712
8500236
27680727
16148506
22134709
27725215
17883538
13843820
8209092
16326111
29061304
69991009
71149627
40378592
55622419
42474576
61408658
40266486
51250285
23875624
19663763
7315458
57431522
37072456
2640252
27012762
66055008
69559862
54334894
68218238
2011558
2493696
21297078
71014743
35118116
2378129
16789965
47151610
15941573
14064322
16808670
47881105
44391878
60226299
70111622
75853534
71916691
70294088
7012571
45618929
32124151
37527768
20397420
35928081
33966764
33432538
12597724
35568485
19942520
18186981
25678097
14003073
14419959
30678513
57105023
24338995
37735232
28488516
47652277
35467586
16007459
16633876
41064139
6401615
21791645
14345719
27783153
20143120
26010381
26962149
64081101
68534626
14350690
27977022
27704011
17056582
57549673
41680345
30433649
47555327
31686536
20460783
38399238
54384750
70162622
1885397
73530554
57277608
31069810
72365606
11844636
6198053
13852727
8556465
29873658
25715678
15468732
71580660
57188879
27609379
13365934
65528675
49032875
13353771
65054318
30532952
51428144
30812125
62315891
75648573
63923212
62376955
2072932
4887282
38689795
65716473
56356997
71123118
39344741
15302230
65087082
31810748
25305051
75411416
54674089
5489706
62184331
70517733
15734726
5997289
6022931
7022969
46024451
47939509
46669634
73101646
40550196
62314975
75612849
62529976
8040751
9760812
886054
34556177
56419645
73566390
58675212
9619229
71321454
47079845
13142738
56824031
13380307
66089222
70894208
30417251
46915805
6745178
35190602
5205083
51084034
17391835
70624540
19900199
16536462
37264993
10149195
16032991
17629624
3941174
1791583
69871808
66500788
10988145
48752041
2401245
17691489
6353909
19931111
17742030
8325008
20846835
53455266
33912746
31325836
6393483
21474497
1976947
1143867
44610884
68767533
23434063
2442884
19315410
69686828
59286568
33462113
13751149
4594923
27287794
824119
32140712
38173647
45586701
30867259
64466117
7593113
68260067
3642889
66115605
71923145
70545794
16829105
48678070
75473513
57095872
23982106
23816561
17360306
69394909
47901727
45196136
15635224
2116711
6594663
29320517
4143179
9669778
73292865
48007737
49330526
24962160
62038667
64836837
22051193
24468091
42769976
72929258
33827064
27984238
27985435
28032118
29852755
24900461
59632406
46949795
8070788
10932255
46572331
69306829
44466607
63140730
31860157
27232002
74605368
23238217
70762027
25262192
73739915
65442687
45679343
34480297
53460325
34110047
39020575
2659756
27773418
19763455
11203446
57148780
26045518
28332492
41567341
26026493
27590517
12630316
36839573
69514952
52583404
75867265
72452200
15221802
61950390
61394034
39696150
29007181
67880212
64785681
20056109
22616952
46532692
67760908
60132825
66466136
9636717
72003486
73679093
63070629
29126218
72522655
17969547
17198171
63071644
29165803
74066470
2221195
10669539
36326407
49501478
31629288
18228111
27282167
604666
23582045
8214182
16524621
36803194
68096171
73208082
44701200
72289857
8890425
42898098
1968879
829215
32339456
45924663
44047777
46806360
2476823
20639031
45350910
21671410
9656554
72777129
27894033
24467440
42744587
71939087
71167532
41076887
6898787
41181353
10972961
48159865
55263518
28477437
47220196
18616427
42426491
59533343
43086338
9310239
59270844
32848877
65792082
59305748
34210133
42923929
2976288
40118166
45465805
26152315
32497575
52091304
56675365
7582333
67839647
63203646
34313881
46970101
8862722
41817681
35789753
28571972
50907061
10489888
29320018
4123718
8910799
43692684
32957733
70037466
72961450
35082552
991133
38654258
64330530
2305220
13946514
12214158
20609411
44195730
52576527
75599062
61992283
63027861
27458266
7472527
63557213
48102994
53045549
17933783
15803375
8674600
34480923
53484739
35062193
197132
7688219
71969201
72341978
10923144
46217002
55448998
35711157
25506728
7319682
57596258
43497160
25332297
516873
20158118
26595303
49774107
42261819
53111135
20491637
39602544
25356547
1462623
57042368
21895450
18394114
33756284
25223818
72243329
7075833
48086147
52388516
68266633
3898963
145354
5668877
69172000
39208276
9980095
9438091
64257072
75397495
54131170
60273002
71933039
70931660
31877879
27923160
25603393
11089617
52709449
4825883
36295234
48285731
60172292
68005349
69666024
58475212
1819229
70950002
32593217
55821342
50232573
60141993
66823688
23581245
8182982
15307821
65305131
40314659
53129032
21189620
66823881
23588772
8476535
26756388
56056422
59400693
37912988
35421000
14190605
21733707
12086137
15616592
1390063
54212528
63445964
43764283
35750094
27025271
66542859
12628914
36784895
67382510
45375303
22622737
46758307
602756
23507555
5309072
55139605
23644830
10662797
36063469
39246896
11486275
68179111
485605
18938666
54993812
17958903
16783055
46882120
5431463
59912854
57887267
54846511
12214164
20609645
44204856
52932441
13522571
71637518
59406341
38133260
44011608
45395769
23420911
1929956
75268355
49094710
15765336
7191079
52580741
75763408
68401777
9169579
53785104
46776428
1309475
51069596
16828753
48664342
74938121
36215584
45179381
14981779
52589493
147599
5756432
72586645
20465157
38569824
61037604
25795380
18577110
40893128
75689323
65512462
48400568
64650935
14801015
45539697
29034103
68930170
29776906
21942350
20223214
29134047
72827986
29877456
25863800
21245490
69002811
32609905
56472174
75615021
62614684
11344363
62644543
12508864
32102945
36700734
64100231
69280696
43447420
23392437
819470
31959401
31102518
73641218
61593504
47475480
28572503
50927770
11297539
60818407
17246697
64964158
27016712
66209058
75567812
60773533
15496611
72667941
23635701
10306766
22178260
29423704
8167472
14702931
41714421
31762613
23427786
2198081
9768093
1170013
45630578
32578462
55245897
27790218
20418655
36756246
66265199
1800174
70206857
3610562
64854852
22753778
51868906
48001843
49100660
15997386
16241029
25743106
16538424
37341511
13133397
56459732
75129783
43690402
32868735
66566544
13552629
72809780
29167422
74129611
4683694
30749863
59887673
56905208
16546210
37645165
24975903
62574644
9782803
1743703
68004488
69632445
57165631
26702707
53962863
53709029
43809503
37513674
19847754
14491107
33453285
13406857
67124672
35319621
10236824
19450522
74956196
36920509
72671456
23772786
15653081
2813134
33755160
25179982
70533725
16358414
30321121
43166735
12445722
29640407
16618889
40479646
59563525
44263436
55217061
26665614
52516236
73247713
46246809
56611471
5090467
46614010
70932310
31903229
28911810
64160743
71640664
59529035
42918326
2757771
31596003
16929996
52612819
1057313
41235278
13076036
54222653
63840839
59164408
28697873
55817200
50071035
53842011
48995801
11907885
8664764
34097319
38524183
59257605
32332556
45655563
33552877
17290945
66689830
18360783
32456375
50484504
69967302
70225054
4320245
16575352
38781703
69300885
44234791
54099906
59053706
24380495
39353732
15652879
2805256
33447918
13197544
58961465
20783096
50969445
12922864
48248945
58737638
12053843
14357126
28228026
37493167
19047981
59257097
32312744
44882895
3418825
57377109
34950349
71792353
65444906
45765884
37855396
33174912
2550310
23505024
5210363
51289954
25422715
4043175
5769622
73101055
40527147
61416064
40555320
62514811
7449316
62651984
12799063
43420706
22350591
36144613
42411512
58949162
20303279
32256582
42692577
69910697
68017459
70138314
937385
36558086
58536959
4227362
12952915
49420934
28488072
47634961
34792262
65626960
52865990
10930982
46522684
67370596
44910657
4501543
23645974
10707413
37803493
31150695
75520121
58913584
18915737
54099581
59041031
23886170
20075057
23355924
75352600
52380265
67944844
67306329
42404244
58665710
9248651
56868912
15130666
58396086
74690452
26556493
48260517
59188946
29654855
17182361
62455054
5118793
47718724
38059019
41116209
8432345
25032978
64800569
20636741
45261600
18188320
25730318
16039692
17890963
14133395
19502517
1026864
40047767
42720244
70989710
34141829
40260073
51000178
14121451
19036701
58817177
15155864
59378808
37059473
2133915
7265619
55487801
37224474
8568954
30360729
44711447
72689490
24476112
43082795
9172062
53881941
50553071
72641415
22601187
45917857
43782343
36454434
54494531
74444081
16948024
53315911
28477901
47238292
19322171
69950507
69570049
54732187
7755528
74594252
22804693
53854591
49486421
31042065
71283551
45601628
31449412
11212947
57519319
40496539
60222352
69957689
69850147
65656009
53998901
55114511
22666164
48451960
66655223
17011110
55776265
48474570
67537013
51400920
29750389
20908187
55847994
51272001
24722548
52693799
4215533
12491584
31429025
10417854
26510692
46474278
65482762
47242268
19477235
40866
1593845
62160026
69569838
54723958
7434597
62077943
66368601
5832852
75567025
60742840
14299584
25983888
25928922
23785248
16139099
21767836
13417168
67526801
51002652
14217937
22799655
53658109
41823623
36021491
37609754
23594874
8714513
36037530
38235275
47990193
48646310
74234873
8788912
38939091
75439017
55750528
47470827
28391036
43850557
39114780
6333751
19144949
63038849
27886798
24185275
31740152
22551807
43992037
44632500
69610557
56311999
69368196
46859920
4565663
26146654
32276796
43480923
24699054
51777533
44438296
62036601
64756263
18908807
53829311
48500501
68548322
14884834
48808638
4608528
27818389
21517324
3647200
66283734
2523039
22441455
39688309
28701382
55954051
55408224
34120971
39446611
19275160
68117078
74023455
543610
21200861
67262280
40686333
67624318
54805815
10627020
34668166
60787216
16030248
17522647
75726208
66950977
28545516
49875277
46207449
55076431
21181044
66489417
10544676
31456750
11499129
68680417
20036539
21853722
16766722
46245133
56546107
2541271
23152503
67419181
46805472
2442191
19288383
68632775
18178501
25347377
1104993
43094798
9640179
72138504
2987658
40561596
62759575
16995112
55152343
24141612
30037295
32097521
36489198
55850327
51362988
28271041
39170752
8516659
28321224
41127889
8887865
42798258
74032256
886849
34587182
57628840
44767858
74889519
34320106
47212876
18330947
31292771
5103948
47139769
15479774
72011298
73983761
74952681
36783424
67325141
43137912
11321625
61757761
53881503
50535989
71975217
72576602
20073480
23294421
72953983
34791339
65590963
51462107
32136682
38016477
39457071
19683100
8069601
10885962
44766904
74852313
32869072
66579687
14065206
16843146
49225669
20872737
54465444
73309688
48663834
74918309
35442916
15045329
55067943
20850012
53579169
38744963
67868025
64310388
1519682
59267669
32725052
60962907
22882197
56877247
15455731
71073621
37414358
15974430
15345745
66784167
22039926
24028678
25632869
12239181
21585308
6298576
17773124
9537674
68140809
74948964
36638461
61671584
50520600
71375046
49169933
18699033
45648125
33262795
5977747
5260793
53256724
26169608
33172002
2436820
19078914
60463484
3404700
56826234
13466224
69439985
49659691
37799595
30998673
69591263
55559533
40022022
41716189
31831565
26116914
31116936
74203520
7566145
67208315
38581698
61500690
43855734
39316683
14207968
22410864
38495260
58129608
64297810
1029140
40136531
46182040
54085480
58491092
2438549
19146345
63093293
30010114
31037462
71104034
38600465
62232603
72400341
13199301
59029988
23455493
3278654
51910440
49621669
36316737
49124348
16921218
52270477
63663112
52233055
62203654
71271330
45125009
12861271
45846818
41011822
4361252
18174625
25196213
71166734
41045765
5685029
69801928
63775468
56614939
5225719
51888838
48779191
3460095
58986639
21764882
13301962
63033767
27688600
16455553
34109542
39000880
1891651
73774460
66789942
22265151
32812453
64371546
3904844
374713
14613878
38241354
48227274
57892469
55049389
20126406
25358535
1540155
60066116
63864485
60086602
64663439
15288671
64558281
11187509
56527237
1805341
70408370
11469569
67527577
51032916
15398233
68831199
25917037
23321733
74019151
375754
14654477
39824715
34021216
35556166
19462079
75406919
54498706
74606906
23298199
73101325
40537677
61826734
56571450
3529648
61699206
51597858
37430971
16622337
40614118
64807933
20923937
56462244
75227751
47511154
29963789
29230787
643709
25104722
67598585
53802228
47444264
27355079
3448234
58524060
3724301
69290673
43836523
38567454
60945174
22190610
29905354
26951822
63678348
52827259
9420473
63569970
48600517
72448946
15094896
57001056
20284282
31515699
13798140
6427572
22803968
53826316
48383696
63992927
65095840
32152310
38625969
63227259
35234788
6928337
42333803
55918511
54022164
56021768
58049187
61161391
30623073
54942863
15971892
15246763
62923869
23402578
1214969
47383862
24999401
63491066
45523261
28393099
43931014
42252603
52751711
6474101
24618599
48639788
73980515
74826087
31846258
26689941
53464989
34291943
46114519
51452161
31748788
22888611
57127393
25211425
71760002
64183217
72517150
17754852
8825066
40349097
54472114
73569818
58808904
14833217
46795575
2056208
4235046
13252591
61108298
28552446
50145547
56747979
10414279
26371267
41036703
5331611
56018626
57926649
56382409
72114186
2039256
3573918
63425736
42975391
4983306
42434731
59854703
55619378
42355977
56783297
11791681
4132808
9265309
57518574
40467484
59089207
25765034
17393616
70693999
22609100
46226464
55818016
50102859
55083147
21442968
747316
29145395
73270558
47137764
15401579
68961693
31006303
69888833
67164763
36883170
71215235
42937304
3497913
60461541
3328923
53870931
50123681
55895205
53113230
20573342
42789039
73672715
62821887
19425280
73971758
74484564
18526861
38933417
75217731
47120374
14723369
42511503
62848811
20475316
38966025
532306
20760005
50068896
53758590
45742382
36938818
73385507
51620775
38324734
51479094
32799175
63853704
59666143
48265538
59384765
37291796
11194512
56800354
12456904
30076505
33626711
20170471
27077070
68563020
15458056
71164296
40950683
1976831
1139343
44434448
61886529
58903455
18520706
38693372
65855976
61797614
55435770
35195265
5386940
58176457
66124921
72286469
8758293
37744950
28867518
62433355
4272532
14714545
42167367
49427507
28744419
57632494
44910364
4490116
23200321
69284083
43579513
28544064
49818649
43998957
44902380
4178740
11056657
51424009
30650860
56026556
58235919
68443939
10813897
41956369
41198585
11645009
74369737
14048608
16195824
23980111
23738756
14325911
27010641
65972289
66333821
4476432
22666645
48470719
67386824
45543549
29184331
74789062
30402283
46332053
59935987
58789454
14074667
17212125
63615850
50389837
66275289
2193684
9596610
70439313
12676346
38634743
63569445
48580042
71650421
59909558
57758723
49833295
44570151
67178946
37436307
16830441
48730174
1548432
60388919
496665
19370006
71816072
66369947
5885346
1657154
64629077
13948553
12293679
23710730
13232897
60340232
74555009
21274216
70123125
345014
13455617
69026312
33526444
16260058
26485237
45481533
26765707
56419863
73574892
59006790
22550771
43951633
43056744
8156073
14258370
24376542
39199565
9640366
72145797
3272085
51654249
39630220
26435911
43557819
27697998
16822075
48403900
64780883
19868987
15319194
65748678
57612992
44149786
50784711
5718238
71097079
38329220
51654048
39622381
26130190
31634700
18439179
35513819
17810546
10997132
49102534
16070472
19091383
60949775
22370049
36903475
72007130
73821209
68613153
17413243
71459452
52461767
71123422
39356597
15764614
7162921
51482579
32935090
69154389
38521447
59150901
28171100
35273053
8420672
24577731
47045936
11820287
5248442
52775035
7383737
60094403
64967678
27153992
71562978
56499281
715057
27887294
24204619
32494568
51974031
52101718
57081511
23422027
1973480
1008654
39337577
15022834
54190638
62592254
10469593
28528513
49212160
20345886
33918255
31540687
14772672
44434320
61881537
58708767
10927874
46401472
62643328
12461479
30254930
40585286
63683485
53027602
17233850
64463125
7476425
63709235
54031852
56399600
72784635
28186767
35884066
32250179
42442860
60171734
67983587
68817306
25375210
2190480
9471654
65566029
50489681
70169205
2142134
7586160
67988900
69024513
33456283
13523779
71684630
61243709
33833475
28234267
37736566
28540542
49681291
38641995
63852273
59610334
46088987
50456413
68871753
27498643
9047230
49013493
12597873
35574296
20169149
27025512
66552258
12995475
51080774
17264695
65666080
54391670
70432502
12410717
28275212
39333421
14860750
47869362
43933901
42365196
57142838
25813780
19294710
68879528
27801868
20873005
54475896
73717316
64561326
11306264
61158682
30517422
50822474
7190995
52577465
75635644
63418981
42711946
70666088
21520571
3773833
71222421
43217558
14427819
30985053
69060083
34843513
67625749
54861624
12803571
43596518
29207259
75683254
65275771
39169619
8472472
26597931
49876599
46259007
57087193
23643625
10615802
34230664
43724638
34203939
42682363
69512351
52481965
71911144
70077755
74532721
20404984
36223077
45471608
26378632
41323938
16533776
37160239
6063789
8616431
32212332
40966827
2606447
25694367
14637603
39166629
8355862
22050141
24427063
41169884
10525670
30715516
58548140
4663421
29959216
29052440
69645313
57667483
46274935
57708385
47870113
43963190
43507467
25734270
16193820
23901955
20690672
47364909
24260234
34663553
60607309
9013875
47712648
37822055
31874613
27795786
20635807
45225174
16767706
46283509
58042771
60911167
20864337
54137844
60533288
6127056
11083844
52484302
72002287
73632332
61246950
33959874
33163828
2118034
6646260
31332800
6665079
32066741
35288778
9033947
48495456
68351567
7211389
53372831
30697781
57856475
53645623
41336669
17030285
56524090
1682608
65621783
52664087
3056765
43256769
15957048
14667847
40346145
54356986
69079826
35613490
21697715
10682449
36829897
69137588
37866208
33596580
18995362
57204956
28236382
37819051
31757457
23226702
70312942
7747877
74295863
11167522
55747744
47362251
24156572
30620735
54851681
12415794
28473215
47055538
12194765
19853084
14698977
41560215
25748579
16751871
45665944
33957736
33080446
74823273
31736512
22409847
38455597
56582751
3970387
2930890
38347644
52372584
67645285
55623528
42517827
63095447
30094120
34313696
46962886
8581337
30843666
63545990
47665297
35975366
35810879
29395886
7082570
48348890
62635493
12155914
18337895
31563743
15671856
3545359
62311935
75494289
57906136
55582402
40913913
542801
21169310
66031791
68654399
19021837
58237481
68504857
13189699
58655510
8850851
41354712
17733962
8010356
8575407
30612396
54526460
75689312
65512033
48383837
63998426
65310301
40516289
60992602
24040302
26086205
29919285
27495131
8910262
43671741
32140956
38183163
45957825
45341095
21288625
70685076
22261103
32654581
58214538
67610080
54250533
64928159
25612751
11454579
66942967
28233126
37692067
26805081
57955449
57505609
39961849
39369442
16265569
26700166
53863764
49844168
44994198
7759642
74754698
29062087
70021546
72340570
10868232
44075434
47884983
44543120
66124737
72279293
8478429
26830254
58937196
19836605
14056296
16495656
35673559
24040406
26090261
30077469
33664307
21636715
8303449
20006034
20664027
46325754
59690326
49208675
20209971
28617570
52685383
3887309
75647985
63900280
61482607
43150497
11812440
4942409
40839748
73607503
60278619
72152102
3517980
61244154
33850830
28911112
64133521
70579006
18124373
23236385
70690579
22475720
41024644
4861310
37676887
26213061
34866669
68528833
14124763
19165869
63854729
59706118
49824563
44229603
53897574
51162758
20462071
38449470
56343798
70608357
19269062
67879256
64748397
18602033
41865125
37640069
24777159
54823628
11321727
61761739
54036645
56586527
4117651
8674186
34464777
52855045
10504127
29875339
25781237
18025533
19381625
72269213
8085309
11498574
68658772
19192384
64888814
24078296
27567971
11751022
2547107
23380107
338600
13205471
59270618
32840063
65448336
45899654
43072426
8767671
38110692
43131456
11069841
51938185
50703724
2559745
23872989
19560998
3307623
53040231
17726381
7714697
73001843
36657879
62428886
4098241
7917196
4942167
40830310
73239421
45923421
43999339
44917278
4759762
33716515
23672827
11754680
2689769
28943925
65413228
44530442
65630295
52996055
16003517
16480138
35068357
437528
17063663
57825832
52450546
70685803
22289456
33760348
25382314
2467536
20276838
31225383
2475816
20599758
43819263
37894314
34692714
61744588
53367756
30499856
50137400
56430246
73979829
74799333
30802852
61954244
61544340
45558084
29751196
20939660
57075441
23185297
68698147
20728009
48821052
5092674
46700083
74289157
10905988
45547918
29354722
5477174
61695583
51456561
31920388
29581011
14302445
26095467
30280503
41582633
26622881
50849649
8250820
17953503
16572455
38668720
64894548
24301922
36289385
48057620
51275963
24877066
58720001
11366000
63488386
45418741
24316819
36870368
70715957
23465462
3667445
67073289
33315684
8040418
9747825
379561
14802950
45615162
31977238
31798161
24814158
56266589
67597206
53748447
45346805
21511315
3412849
57144045
25860853
21130557
64520424
9711086
74903877
34880068
69051394
34504642
54409780
71138792
39956027
39142384
7410307
61130633
29423511
8159945
14409378
30265854
41011322
4341752
17414125
71493850
53803289
47485643
28968860
66385693
6499440
25606820
11223270
57921916
56197822
64915293
25110977
67842530
63316083
38698924
66072504
70242206
4989173
42663544
68778410
23858266
18986801
56871077
15215101
61689051
51201813
21985216
21894988
18376096
33053582
73775577
66833505
23964108
23114639
65942485
65171465
35101685
1737320
67755551
59923902
58318139
71650519
59913380
57907781
55646557
43415958
22165419
28922905
64593448
12559022
34059107
37033915
1137153
44349038
58555539
4951982
41213095
12210899
20482310
39238791
11170180
55851406
51405069
29912200
27218816
74091114
3182311
48153063
54998240
18131595
23518043
5718104
71091853
38125406
43705302
33449835
13272307
61877222
58540482
4364759
18311398
30530360
51327056
26869693
60475317
3866187
74824227
31773718
23860881
19088786
60848492
18420012
34766306
64614676
13386914
66346895
4986318
42552199
64435955
6416795
22383665
37434499
16759929
45980206
46213954
55330126
31075149
72573827
19965255
19073646
60258032
71349209
48162290
55358093
32165862
39154497
7882714
3597369
64340325
2687225
28844709
61543804
45537180
28935940
65101813
32385257
47710902
37753961
29218947
181949
7096082
48875858
7230108
54102872
59169380
28891781
63379612
41176555
10785839
40862107
74479504
18329521
31237157
2935002
38508012
58626936
7736465
73850795
69767007
62413549
3500098
60546756
6652308
31568672
15864087
11042368
50866738
8917291
43945872
42832065
75350729
52307296
65099053
32277617
43512942
25947795
24521295
44844932
1938268
75592523
61737262
53082042
19357010
71309228
46603031
70504129
15204170
61262742
34575762
57183460
27398038
5123635
47907562
45423701
24510259
44414528
61109649
28605135
52200418
60930811
21630453
8059231
10481532
28994134
67371379
44941194
5692486
70092751
75117565
43213900
14285157
25421235
3985455
3518542
61266072
34705632
62248390
73016034
37211328
8056260
10365663
24475243
43048904
7850313
2333730
15058404
55577868
40737087
69603724
56045512
58975203
21318878
71864943
68275916
4261000
14264797
24627195
48975032
11097894
53032252
17415200
71535775
55438364
35296431
9332414
60135669
66577052
13962441
12835311
44834378
1526662
59539889
43341632
19266705
67787333
61163400
30701424
57998552
59186626
29564375
13653641
792111
30892400
65446616
45832574
40456306
58653265
8763296
37940067
36477081
55377764
32933031
69074088
35389708
12970217
50095712
54804414
10572381
32537245
53638434
41056298
6095816
9865484
4968262
41848015
36972779
74709986
27318319
2014594
2612100
25914834
23235816
70668388
21610271
7272133
55741847
47132268
15187235
60602277
8817627
40058976
43157395
12081462
15434267
70236525
4767614
34022743
35615719
21784646
14072758
17137674
60712261
13107003
55430366
34984509
73124593
41445129
21260225
69577476
55021840
19051995
59413643
38418038
55117950
22800285
53682679
42781853
73392461
51891981
48901768
8240598
17554845
1024793
39966998
39570253
24097198
28305149
40500964
60394927
730977
28508174
48418939
65367404
42743306
71889128
69219131
41046385
5709209
70744948
24596111
47762756
39776267
32131744
37823895
31946373
30594426
53825630
48356942
62949521
24403006
40231661
49892110
46863936
4722287
32254990
42630489
67489265
49538748
33082818
74915781
35344324
11200241
57023785
21170713
66086508
70788362
26289257
37838313
32508675
52524204
73558465
58366137
73522441
56961201
18729937
46853381
4310642
16200835
24175540
31360487
7744872
74178668
6596917
29408423
7571513
67417667
46746426
139397
5436554
60111403
65630678
53010992
16586060
39199315
9630616
71765547
64399472
4993958
42850159
99258
3871133
75017121
39296584
13424107
67797422
61556871
46046793
48810847
4694679
31178278
638721
24910190
60011837
61747604
53485380
35087192
1172093
45711698
35742142
26715143
54447867
72624185
21929217
19711027
9158754
53362929
30311603
42795533
73925981
72699261
24857181
57944486
57078052
23287126
72669478
23695644
12644543
37394426
15197082
60986310
23794914
16516073
36469822
55094663
21892092
18263152
28648766
53902027
51336425
27235084
74725566
27925939
25711774
15316476
65642676
53478914
34835018
67294444
41940729
40588625
63813706
58106221
63385717
41414650
20071544
23218917
70009327
71864029
68240270
2870806
36004368
36941957
73507928
56395194
72612801
21485241
2395963
17485491
74277124
10436701
27245725
75140565
44110900
49268157
22529769
43132555
11112702
53609764
39938168
38445883
56203905
65152530
34363220
48894322
7950204
6229479
15078341
56355411
71061264
36932435
73136570
41912232
39477242
20469769
38749692
68052456
71503197
54167822
61702430
51723594
42334675
55952519
55348476
31790799
24527040
45068987
10676413
36594493
59956832
59602409
45779912
38402488
54511500
75105872
42757873
72457241
15418401
69617751
56592565
4353133
17857984
12847214
45298595
19631125
6042576
7789124
75904496
73904209
71850153
67699106
57722547
48422431
65503592
48054638
51159665
20341444
33745017
24784405
55106222
22342893
35844391
30702854
58054322
61361656
38433408
55717380
46178055
53930065
52429907
69880882
66854674
24789699
55312688
30395067
46050629
48960451
10529235
30854551
63970505
64221382
74005585
75803817
69977728
70631668
20178191
27378150
4348003
17657914
5044484
44820673
992167
38694584
65903244
63641066
51373261
28671688
54795985
10243650
19716736
9381405
62046318
65135226
33688364
22574938
44894146
3857614
74489880
18734185
47019053
10771850
40316536
53202235
24044537
26251370
36360720
50839685
7862224
2798259
33175035
2555107
23692107
12506600
32014649
33257190
5759152
72692725
24602277
48003230
49154753
18107013
22559345
44286019
56097798
61014357
24888747
59175560
29132801
72779392
27982290
27909463
25069210
66213617
75745613
67707772
58060521
61603417
47862087
43650176
31299921
5382798
58014919
59824939
54458582
73042070
38226732
47657016
35652407
23215478
69875206
66633310
16156503
22446592
39888652
36514759
56847206
14284132
25381260
2426430
18673704
44660294
70694523
22629536
47023468
10944035
47031751
11267072
59630194
46863527
4706336
31632901
18369018
32777540
63009939
26759308
56170302
63842013
59210194
30483527
49500569
31593837
16845522
49318333
24486633
43493114
25174503
70320044
8024855
9140868
52665375
3106997
45215817
16402783
32051512
34694847
61827775
56612049
5113009
47493148
29261555
1843661
71902850
69754289
61917547
60113157
65699084
55678826
44674449
71246568
44159291
51155406
20175343
27267078
16195
631676
24635435
49296392
23630934
10120853
14927653
50478579
69736227
61213129
32640855
57679224
46732834
75566446
60720259
13418925
67595324
53675049
42484283
61787231
55030833
19402722
73091996
40173846
47637325
34884458
69222604
41181832
10991642
48888424
7720182
73215758
45000564
8007916
8480247
26901156
61702374
51721410
42249499
52630655
1752917
68363834
7689802
72030938
74749721
28867984
62451529
4981318
42357199
56830955
13650343
663489
25876142
21726828
11817856
5153633
49077484
15093522
56947470
18194428
25968530
25329960
425730
16603541
39881074
36219217
45321068
20507572
40224009
49593682
35225244
6556121
27817379
21477934
2110990
6371544
20618876
44564865
66972792
29396301
7098755
48980105
11295741
60748285
14511939
34265733
45092329
11586751
72097675
1395327
54417824
71452508
52190951
60561598
7231146
54143354
60748178
14507766
34102986
38745196
67877112
64664781
15341009
66599463
14836470
46922442
7004021
45285479
19119601
62050277
65289627
39710003
29547448
12993488
51003281
14242468
23756364
15012623
53792409
47061323
12420380
28652069
54030844
56360288
71251467
44350352
58606785
6950576
43201124
13786893
5988939
5697281
70279756
6453623
23819957
17492750
74560225
21477640
2099524
5924370
3179090
48027444
50099099
54936507
15724008
5579287
65677990
54856160
12590475
35285774
8916791
43926372
42071565
45691229
34943851
71538931
55561448
40096707
44628904
69470313
50842483
7971346
7054017
47235323
19206380
65434658
45366212
22268188
32930896
68990823
32142373
38238426
48113082
53438981
33277631
6556351
27826349
21827764
15754360
6763015
35886245
32335160
45757119
37513561
19843347
14319234
26750238
55816572
50046543
52886823
11743469
2252540
11891994
8045015
9927108
7371598
59620982
46504259
66652021
16886232
50906023
10449406
27741220
18507733
38187425
46124043
51823597
46234792
56142808
62769747
17391820
70623955
19877384
15646677
2563378
24014676
25086791
66899276
26529177
47195193
17641310
4396928
19565989
3502272
60631542
9958962
8613904
32113779
37123260
4621608
28328509
41412004
19968350
19194351
64965527
27070103
68291307
4861249
37674508
26120280
31248210
3366069
55319625
30665610
56601806
4713532
31913545
29314134
3894242
75918372
74445373
16998412
55281043
29160912
73875721
70739121
24368858
38899889
73910139
72081423
761499
29698532
18885764
52930634
13452098
68889071
28174045
35387908
12900017
47357912
23987351
24021116
25337951
737379
28757852
58156381
65341957
41750873
33184241
2914141
37694433
26897355
61554135
45940089
44649391
70269306
6046073
7925507
5266296
53471341
34539671
55775911
48460764
66998579
30401994
46320782
59496418
41646263
29104451
71673742
60819077
17272827
65983228
66760442
21114651
63900090
61475197
42861507
541830
21131441
64554900
11055650
51384736
29119213
72249460
7314942
57411398
36287620
47988785
48591398
72093305
1224897
47771054
40099889
44753002
74310135
11724130
1498319
58434512
231929
9045302
48938301
9665385
73121538
41325984
16613570
40272205
51473326
32574223
55080576
21342699
72793962
28550520
50070433
53818533
48080159
52154984
59158885
28482476
47416717
26280746
37506384
19563444
3403017
56760597
10906381
45563245
29952475
28789541
59392252
37583789
22582239
45178885
14962435
51835077
46682512
73603888
60137634
66653687
16951206
53440009
33317723
8119939
12849144
45373865
22566655
44571109
67216308
38893425
73658043
62249679
73066305
39171897
8561314
30062769
33091007
75235152
47799793
41220710
12507884
32064725
35210154
5967611
4865489
37839868
32569320
54889359
13885236
9824316
3362710
55188624
25556571
9263559
57450324
37805734
31238094
2971545
39933189
38251702
48630846
73631777
61225305
33115719
241783
9429608
63926235
62494852
6670915
32294345
44165334
51391083
29366746
5946110
4026950
5136847
48422830
65519153
48661517
74827946
31918759
29517480
11824736
5421953
59541964
43422557
22422780
38959984
296707
11571644
71508502
54374717
69771335
62582341
10082986
13450840
68840009
26260627
36721743
64919582
25278248
74366099
13906726
10662426
36049000
38682605
65436063
45421007
24405193
40316954
53218537
24680315
51046712
15936277
13857778
8753454
37556229
21507399
3260125
51187809
21439060
594904
23201327
69323317
45109639
12261841
22469048
40764436
70670335
21686204
10233520
19321666
69930812
68801944
24776092
54782015
9698820
74425503
16223482
25058773
65806574
59870936
56252465
67046370
32265843
43053756
8039541
9713622
75002781
38737324
67570104
52691469
4124663
8947654
45130029
13057051
53482238
34964654
72350248
11245674
58795672
14317169
26669703
52675707
3509945
60930789
21629595
8025769
9176514
54055569
57324563
32901055
67827024
62711349
15114298
57757734
49794724
43065882
8512455
28157268
34733605
63339337
39605830
25484701
6460629
24093191
28148876
34406317
50575105
73500741
56114901
61681374
50902410
10308499
22245847
32059597
35010162
74125060
4506205
23827792
17798315
10520123
30499183
50111153
55406613
34058142
36996280
75626525
63063340
28841947
61436086
41336178
17011136
55777279
48514116
69079307
35593249
20908316
55853025
51468210
32374699
47299140
21695243
10586041
33069985
74415294
15825331
9530884
67875999
64621374
13648136
577416
22519295
42724069
71138885
39959654
39283837
12926974
48409235
64988948
27983522
27957511
26943082
63337488
39533719
22672372
48694072
140454
5477777
61719100
52373724
67689745
57357468
34184350
41918392
39717482
29839129
24369047
38907260
74197608
7335577
58216163
67673455
56722158
9407260
63054663
28503544
48238369
58325174
71924884
70613615
19474124
75876674
72819151
29532891
12425765
28862084
62221429
71964555
72160784
3856578
74449476
17158429
61521706
44675358
71282019
45541880
29119240
72250513
7356009
59013011
22793390
53413774
32294558
44173641
51715056
42001693
42966221
4625676
28487161
47599432
33406631
11587351
72121075
2307927
14052087
16331505
29271670
2238146
11330628
62108878
67575066
52884987
11671865
75417121
54896584
14167011
20813541
52156800
59229709
31244612
3225747
49847067
45107259
12169021
18849068
51499490
33594619
18918883
54222275
63826097
58589470
6275291
16865009
50078326
54126360
60085412
64617029
13478681
69925808
68606788
17165008
61778287
54682017
5798898
74242819
9098806
51024957
15087832
56725560
9539938
68229105
2435371
19022403
58259555
69365743
46764253
834650
32551421
54191298
62617994
11473453
67679053
56940480
17921818
15336740
66432972
8343321
21561042
5352202
56821675
13288423
62505746
7095781
48864119
6772287
36247853
46437872
64062928
67825879
62666694
13372753
65794616
59404574
38064347
41324001
16536233
37256062
9800886
2448940
19551594
2940867
38736747
67547601
51813852
45854737
41320663
16406051
32178964
39665475
27810856
21223537
68146644
75176529
45513496
28012264
29078449
70659664
21270035
69960066
69942850
69271426
43085890
9292767
58589436
6273965
16813295
48061480
51426503
30748126
59819930
54263231
65423381
44926409
5115871
47604766
33614657
19700365
8742936
37146027
5509521
62957116
24699211
51783656
44677093
71349684
48180815
56080568
60342387
74639054
24551971
46041296
48596464
72290879
8930283
44452560
62592897
10494670
29506516
11397140
64702846
16825544
48539191
70057232
73732324
65146638
34133432
39932590
38228341
47719767
38099696
42702612
70302062
7323557
57747383
49391035
27322011
2158582
8227632
17049171
57260644
30408214
46563362
68957038
30824758
62808578
18906229
53728769
44579363
67538214
51447759
31577110
16193169
23876566
19700501
8748240
37352883
13576905
73756544
66091218
70972052
33453167
13402255
66945194
28319979
41079334
6994220
44903240
4212280
12364717
26481212
45324558
20643682
45532299
28745581
57677812
46677766
73418794
52918968
12997124
51145085
19772824
11568837
71399029
50105270
55177176
25110099
67808288
61980645
62573979
9756868
732238
28557353
50336920
64211526
73621201
60812841
17029623
56498272
675706
26352605
40308885
52903846
12407366
28144523
34236550
43954192
43156545
12048312
14141417
19815375
13228326
60161963
67602518
53955615
53426357
32785295
63312384
38554663
60446325
2735499
30727395
59011421
22731380
50995384
13934485
11745027
2313302
14261712
24506880
44282747
55970190
56037645
58668390
9353171
60945192
22191312
29932732
28019564
29363149
5805827
74513050
19637815
6303486
17964614
17005784
55568551
40373724
55432567
35070348
515177
20091974
24015687
25126220
68437007
10543549
31412797
9784962
1827904
71288327
45787892
38713708
66649080
16771533
46432762
63863638
60053569
63375152
41002615
4002179
4170778
10746139
39313807
14095804
18036468
19808090
12944211
49081478
15249288
63022344
27243103
75038307
40122838
45648013
33258427
5807395
74574202
22022743
23358541
75454663
56360722
71268393
45010466
8394094
23541189
6620798
30339782
43894514
40829103
73192348
44087574
48358443
63008060
26686027
53312343
28338749
41811364
35543390
18963815
55974623
56210532
65410983
44442887
62215650
71739174
63370925
40837762
73530049
57257913
30301705
42409511
58871123
17259758
65473537
46882493
5446010
60480187
4056117
6274360
16828700
48662275
74857508
33071677
74481282
18398863
33941495
32447047
50120712
55779414
48597381
72326642
10325040
22890946
57218458
28762960
58355593
73111225
40923777
927497
36172454
43497311
25338186
746544
29115287
72096346
1343496
52396415
68574694
15913342
12963313
49826456
44303430
56776827
11539351
70249075
5257064
53111293
20497799
39842862
34728949
63157753
32524054
53123985
20992787
59147394
28034327
29938906
28260350
38753803
68212785
1798891
70156820
1659119
64705712
16937318
52898377
12194075
19826174
13649487
630105
24574166
46906901
6397922
21647618
8728666
36589497
59761988
52003493
53250736
25936076
24064254
27020333
66350277
5118216
47696221
37181402
6889146
40805354
72266137
7965345
6819978
38107802
43018746
6674151
32420549
49087290
15475956
71862396
68176583
387013
15093578
56949654
18279604
29290394
2968382
39809832
33440779
12919123
48103046
53047577
18012875
18887963
53016395
16796777
47417278
26302625
38359665
52841403
9972089
9125857
52079946
56232403
66263952
1751541
68310170
5596906
66365131
5697522
70289155
6820184
38115836
43332072
18893865
53246573
25773719
17732331
7946747
6094656
9820244
3203902
48995112
11881014
7616795
69183665
39663211
27722560
17779993
9805565
2631421
26668353
52623057
1456595
56807276
12726862
40604867
64447144
6853166
39402134
17540557
467561
18234950
27548888
11006785
49479001
30752685
59997731
61197470
32030154
33861885
29342257
4991039
42736318
71616596
58590383
6310898
18253682
28279436
39498157
21285454
70561407
17438012
72425443
14178279
21252993
69295428
44021968
45799809
39178471
8817700
40061823
43268428
16411749
32401186
48332133
61981970
62625654
11772193
3372776
55581198
40866957
74668654
25706371
15105759
57424713
36806905
68240900
2895376
36962598
74312927
11833018
5744951
72138886
3002556
41142618
9462296
65201067
36256163
46761962
745301
29066810
70205743
3567116
63160458
32629549
57238290
29536408
12562928
34211441
42974941
4965756
41750281
33161153
2013709
2577585
24568749
46695638
74115802
4145143
9746374
322972
12595979
35500430
17288375
66589600
14451813
31920819
29597820
14957996
51661956
39930793
38158258
44986530
7460590
63091670
29946817
28568879
50786434
5785435
73717762
64578720
11984630
11657819
74869327
33532618
16500844
35875891
31931354
30008685
30981731
68930525
29790751
22482305
41281459
14877095
48506817
68794646
24491470
43681757
32531580
53417499
32439833
49839366
44806920
455800
17776271
9660407
72927396
33754446
25152136
69447731
49961785
49581261
34740825
63620917
50587450
73982196
74891646
34403059
50448043
68545323
14767873
44247159
54582258
1908297
74423654
16151371
22246444
32082880
35918199
33581366
18402016
34064462
37242760
9282108
58173735
66018763
68146307
75163386
45000919
8021761
9020202
47959401
47445422
27400241
5209552
51258325
24189184
31892603
28497396
47998597
48974066
11060220
51562966
36070183
39508742
21698269
10704055
37672531
26043177
28241193
38006680
39074988
4781863
34578454
57288448
31492570
12896109
47205500
18043283
20073875
23309826
73554778
58222344
67914514
66123459
72229451
6534591
26977709
64687941
16244249
25868686
21436044
477280
18613991
42331487
55828187
50499528
70553238
17119421
60000394
61301327
36080577
39914108
37507543
19608645
5165856
49554181
33684705
22432237
39328807
14680804
40851468
74064583
2147602
7799412
348591
13595120
74466929
17839096
12110582
16569947
38570908
61079880
27444144
6921769
42077651
45928583
44200657
52768680
7135892
50428448
67781118
60921015
21248409
69116652
37049704
1752924
68364107
7700449
72446171
14986671
52780281
7588331
68073569
72326604
10323558
22833148
54964336
16809339
47907196
45409427
23953573
22703774
49918750
47902896
45241727
17413273
71460622
52507397
72902992
32802690
63990789
65012458
28900412
63716221
54304306
67025306
31444347
11015412
49815454
43874352
40042785
42525946
63412088
42443119
60181835
68377526
8223790
16899333
51416962
30376027
45308069
20000611
20452530
38077371
41831937
36345737
50255348
61030218
25507326
7343004
58505816
3012785
41541549
25020605
64318022
1817408
70878983
29823476
23758580
15099047
57162945
26597953
49877457
46292469
58392211
74539327
20662618
46270803
57547237
41585341
26728493
54968517
16972398
54266497
65550755
49893995
46937451
7589372
68114168
73909965
72074637
496845
19377026
72089852
1090230
42519041
63142793
31940614
30369825
45066191
10567369
32341777
46015182
47578018
32571485
54973794
17178201
62292814
74748570
28823095
60700858
12662286
38086403
42184185
50083409
54324597
67816655
62306958
75300186
50336119
64180287
72402880
13298322
62891807
22152160
28405804
44426509
61576908
46828236
3329987
53912427
51742025
43053484
8028933
9299910
58868013
17138468
60743227
14314677
26572515
48885375
7601271
68578229
16051207
18340048
31647710
18946569
55302029
29979366
29838290
24336326
37631141
24428967
41244140
13421654
67701755
57825858
52451560
70725349
23831750
17952677
16540241
37412374
15897054
12328081
25052408
65558339
50189771
58472715
1721846
67152065
36387948
51901577
49276012
22836114
55080010
21320625
71933076
70933103
31934156
30117963
35243573
7270952
55695788
45335967
21088633
62885388
21901819
18642505
43443533
23240844
70864480
29257859
1699517
66281234
2425539
18638955
43305083
17841294
12196304
19913105
17039796
56895019
16148839
22147696
28231708
37636765
24648303
49798244
43203162
13866375
9088737
50632266
75730020
67099645
34343568
48127894
54016649
55806683
49660872
37845654
32794974
63689865
53276422
26937830
63132660
31545427
14957532
51643860
39225049
10634242
34949824
71771878
64646381
14623409
38613063
62723925
15604762
928693
36219098
45316427
20326573
33165048
2165614
8501880
27744843
18649030
43698008
33165369
2178133
8990121
46786242
1692221
65996690
67285460
41590353
26923961
62591769
10450678
27790828
20442445
37684056
26492652
45770718
38043922
40527426
61426945
40979679
3107675
45242259
17434021
72269794
8107968
12382275
27165974
72030276
74723903
27861082
23182351
68583253
16247143
25981552
25837818
20232192
29484189
10526387
30743479
59638697
47195144
17639399
4322399
16659358
42057937
45159737
14215663
22710969
50199355
58846491
16299110
28008265
28922488
64577185
11924765
9323084
59771799
52386122
68173267
257689
10049942
12162124
18580085
41009153
4257161
14115076
18788076
49120802
16782924
46877011
5232212
52142065
58655044
8832677
40645926
66048445
69303905
44352571
58693326
10325675
22915711
58184293
66430525
8247888
17839155
12112883
16659686
42070729
45658625
33672295
21948247
20453197
38103384
42846444
75911510
74177755
6561310
28019750
29370403
6088733
9589247
70152156
1477223
57611768
44102050
48923007
9068919
49859364
45586842
30872758
64680578
15957092
14669563
40413069
56967022
18956956
55707122
45777993
38327647
51592701
37229848
8778540
38534583
59663205
48150956
54916067
14926848
50447184
68511822
13461334
69249275
42222001
51558233
35885596
32309849
44769990
74972667
37562878
21766710
13373254
65814155
60166595
67783166
61000887
24363417
38687690
65634378
53155292
22213760
30808204
62162972
69684732
59204824
30274097
41332799
16879355
50637820
75946626
75547279
59972746
60223055
69985106
70919410
31400129
9290910
58517013
3449468
58572186
5601215
66533182
12251511
22066178
25052506
65562161
50338829
64285977
567653
22138538
27874546
23707447
13104860
55346789
31725006
21961113
20954971
57672570
46473328
65445712
45797318
39081322
5028889
44212468
53229309
25100423
67430924
47263449
20303294
32257167
42715392
70800482
26761937
56272833
67840722
63245571
35948956
34780889
65183413
35567657
19910228
16927593
52519102
73359487
50605995
74705451
27141454
71073996
37428983
16544805
37590370
22838898
55188586
25555089
9205761
55196202
25852113
20789697
51226884
22962985
60027979
62377142
2080225
5171709
49782448
42587118
65797796
59528594
42901127
2087010
5436324
60102433
65280848
39367622
16194589
23931946
21860321
17024083
56282212
68206503
1553893
60601898
8802846
39482517
20675494
46772967
1174496
45805415
39397105
17344426
68775589
23748247
14696060
41446452
21311822
71589759
57543740
41448958
21409556
75401385
54282880
66189692
74812538
31317847
6081912
9323228
59777415
52605146
758066
29564645
13664171
1202781
46908530
6461453
24125327
29402180
7328036
57922064
56203594
65140401
33890189
30446113
48041423
50644280
241429
9415802
63387801
41495926
23241308
70882576
29963603
29223533
360803
14071388
17084244
58628491
7797110
258813
10093778
13871728
9297504
58774179
13478942
69935987
69003769
32647267
57929292
56485486
177052
6905099
41427521
20573513
42795708
73932806
72965436
35238006
7053839
47228381
18935642
54875876
13359399
65273810
39093140
5489791
62187646
70647018
20776841
50725500
3409009
56994285
20020213
21217008
67892013
65245920
38005430
39026238
2880613
36386841
51858404
47592265
33127118
686344
26767487
56489283
325135
12680336
38790353
69638235
57391441
35509297
17634188
4119170
8733427
36775176
67003469
30592704
53758472
45737780
36759340
66385865
6506148
25868432
21426138
90946
3546965
62374569
1979878
1258176
49068935
14760111
43944441
42776256
73174178
43378944
20721873
48581748
71716955
62504384
7042663
46792517
1936946
75540965
59726500
50619461
75230625
47623240
34335143
47799319
41202224
11786930
3947519
2039038
3565416
63094158
30043849
32353127
46457832
64841368
22227902
31359742
7715817
73045523
38361399
52909029
12609503
36027866
37858379
33291249
7087453
48539327
70062536
73939180
73214022
44932860
5367460
57416737
36495841
56109404
61466991
42541473
64017641
66059686
69742304
61450132
41883972
38375102
53443446
33451766
13347616
64814273
21171197
66105384
71524526
54999653
18186702
25667216
13578714
73827095
68842707
26365849
40825401
73047970
38456832
56630916
5848822
232718
9076073
50138370
56468076
75455199
56381626
72083649
848313
33084278
74972721
37564984
21848844
16576480
38825695
71016573
35189486
5161559
49386598
27148968
71367042
48857777
6524949
26601671
50022459
51947547
51068842
16799347
47517508
30211595
38895221
73728087
64981395
27688955
16469398
34649497
60059125
63591836
49453291
29749995
20892821
55248720
27900315
24712438
52299509
64795360
20433590
37338711
13024197
52200932
60950857
22412247
38549197
60233151
70378850
10318289
22627657
46950187
8086076
11528487
69825379
64690057
16326773
29087122
70997911
34461668
52733794
5775338
73323979
49221183
20697783
47642238
35076065
738140
28787531
59313862
34526579
55265323
28547832
49965601
49730085
40544961
62110810
67650414
55823559
50319036
63514050
46419637
63351763
40090444
44384647
59944290
59113271
26703530
53994960
54960812
16671903
42547192
64240682
74758285
29201980
75477373
57246412
29853166
24916490
60257537
71329904
47409395
25995188
26369622
40972548
2829566
34396008
50173054
57820752
52252426
62959123
24777484
54836303
11816052
5083277
46333600
59996320
61142441
29884023
26119913
31233897
2807862
33549552
17161270
61632505
48996519
11935887
9756842
731224
28517807
48794626
4062060
6506137
25868003
21409407
75395574
54056251
57351161
33938377
32325445
45378234
22737046
51216358
22552471
44017933
45642444
33041236
73294083
48055239
51183104
21255565
69395736
47933980
46454003
64692037
16403993
32098702
36535257
57646628
45461590
25987930
26086560
29933130
28035086
29968507
29414789
7819787
1143216
44585495
67777362
60774531
15535533
74185899
6878926
40406774
56721517
9382261
62079702
66437202
8508291
27994872
28400161
44206432
52993905
15919667
13209988
59446781
39710420
29563711
13627745
75739304
67461721
48464532
67145531
36133122
41963363
41471351
22282883
33504001
15384781
68306571
5456545
60891052
20079852
23542929
6688658
32986322
71152437
40488182
59896429
57246692
29864086
25342370
909720
35479151
16458494
34224241
43474141
24434556
41462111
21922523
19449961
74934317
36067228
39393497
17203714
63287821
37596706
23086002
64825642
21614588
7440496
62308004
75340980
51927085
50270824
61633782
49046322
13878204
9550068
68624175
17843101
12266777
22661552
48272092
59640371
47260430
20185553
27665268
15545605
74578707
22198438
30210646
38858210
72284658
8687664
34990419
73355083
50434239
68006967
69729126
60936190
21840234
16240690
25729885
16022805
17232370
64405405
5225345
51874252
48210337
57231926
29288212
2883284
36491010
55920995
54119040
59799932
53483309
35006423
73979239
74776323
29905462
26956034
63842616
59233711
31400690
9312789
59370294
36727427
65141258
33923612
31749610
22920669
58377655
73971643
74480079
18351946
32111732
37043427
1508121
58816790
15140771
58790181
14103020
18317892
30783626
61204430
32301594
44448045
62416812
3627355
65509779
48295931
60570092
7562412
67062728
32903805
67934274
66894099
26327274
39320976
14375395
28940517
65280316
39346874
15385417
68331375
6423901
22660799
48242725
58495058
2593223
25178631
70481036
14303543
26138289
31950561
30757758
60195578
68913503
29126893
72548980
18996222
57238496
29544442
12876254
46431155
63800965
57609322
44006656
45202641
15888919
12010816
12679073
38741096
67717212
58428681
4520
176351
6877760
40361300
54948031
16173444
23107291
65655913
53995157
54968495
16971540
54233035
64245737
74955430
36890635
71506370
54291569
66528563
12071370
15040679
54886593
13777362
5617230
67157767
36610326
60574319
7727265
73491995
55773807
48378708
63798395
57509092
40097686
44667085
70959372
32958647
70073112
74351644
13342981
64633508
14121362
19033230
58681808
9876473
5396833
58562284
5215037
51472240
32531869
53428770
32879402
66982557
29777136
21951320
20573044
42777417
73219457
45144825
13634095
29817
1162934
45354497
21811303
15112381
57682971
46878967
5308496
55117141
22768734
52452190
70749919
24789980
55323647
30822468
62719268
15423139
69802533
63799063
57535144
41113714
8335040
21238083
68713938
21343858
72839163
30313359
42864017
639720
24949151
61531316
45050148
9941692
7940374
5846109
126911
4949600
41120197
8587877
31098726
73493330
55825872
50409243
67032123
31710210
21384069
74407392
15517153
73469079
54880083
13523472
71672657
60776762
15622542
1622113
63262478
36608329
60496436
4689828
30989089
69217487
40982269
3208685
49181649
19155957
63468161
44629966
69511731
52457785
70968124
33299975
7427767
61811573
55980171
56426904
73849491
69716151
60430165
2105259
6148035
11902025
8436224
25184259
70700528
22863731
56157073
63326082
39088885
5323846
55715791
46116084
51513196
34129153
39765709
31719982
21765177
13313467
63482462
45187705
15306415
65250297
38176133
45683655
34648465
60018877
62022164
64193220
72907267
32969415
70493064
14772635
44432877
61825260
56513964
1287694
50220137
59656989
47908532
45461531
25985629
25996821
26433309
43456341
23740356
14388311
29444241
8968415
45939708
44634532
69689805
59402671
37990130
38429538
55566450
40291785
52236946
62355403
1232404
48063827
51518036
34317913
47127349
14995394
53120478
20856014
53813247
47874005
44114978
49427199
28732407
57164026
26640112
51521658
34459171
52636411
1977401
1161573
45301418
19741222
10336359
23332387
74434657
16580488
38982007
1155604
45068627
10662373
36046933
38601992
62292156
74722908
27822277
21668956
9560848
69044595
34239481
44068501
47614596
33998027
34651795
60148747
67087094
33854079
29037823
69075250
35435026
14737619
43067253
8565924
30242559
40102817
44867194
2806486
33495888
15068374
55966698
55901457
53357058
30082634
33865742
29492680
10857536
43658290
31616367
17724192
7629326
69672374
58722862
11477579
67839967
63216126
34800601
65952181
65549609
49849301
45194385
15566935
75410577
54641368
4213587
12415690
28469159
46897354
6025589
7126631
50067269
53695137
43267715
16383942
31316713
6037686
7598414
68466806
11705710
779939
30417692
46933004
7415939
61350281
37989783
38416005
55038663
19708092
9044289
48898794
8124612
13031391
52481498
71892931
69367448
46830748
3427955
57733179
48837079
5717727
71077150
37551989
21342039
72768222
27546660
10919893
46090213
50504227
70736499
24266600
34911827
70289995
6852944
39393476
17202895
63255880
36351007
50460878
69045888
34289908
46035154
48356926
62948897
24378670
39282557
12877054
46462355
65017765
29107385
71788168
65281691
39400499
17476792
73937863
73162659
42929703
3201474
48900420
8188026
15504537
72977055
35691147
24726338
52841609
9980123
9439183
64299660
1101290
42950381
4007916
4394521
19472116
75798362
69764983
62334613
421594
16442237
33590218
18747244
47528354
30634589
55391987
33487728
14750134
43555338
27601239
13048474
53147735
21919037
19314007
69632111
57152605
26194693
34150317
40591105
63910426
61878301
58582563
6005918
6359462
20147678
26188143
33894867
30628555
55156661
24310014
36604973
60365552
75542489
59785936
52937465
13718507
3321885
53596449
39418883
18193768
25942790
24326100
37232327
8875221
42305142
54800732
10428783
26936923
63097287
30165880
37112336
4195572
11713105
1068344
41665487
29854187
24956309
61810478
55937466
54761409
8895186
43083777
9210360
55375563
32847192
65726367
56742863
10214755
18589831
41389247
19080827
60538091
6314373
18389207
33564911
17760271
9036407
48591396
72093227
1221855
47652416
35473007
16218878
24879217
58803890
14637671
39169281
8459290
26083833
29826777
23887319
20119868
25103553
67552994
52024179
54057490
57399482
35822896
29864549
25360427
1613943
62943848
24181759
31603028
17203971
63297844
37987603
38330985
51722883
42306946
54871088
13172667
57991262
58902316
18476285
36960953
74248772
9330973
60079470
64385291
4440899
21280858
70382163
10447496
27666730
15602623
845272
32965679
70347360
9090179
50688504
1966165
723369
28211462
36847171
69811274
64139962
70830205
27921134
25524379
8008071
8486292
27136911
70896819
30519080
50887136
9712813
74971230
37506835
19581033
4088988
7556329
66825491
23651562
10925345
46302841
58796719
14358002
28262190
38825563
71011425
34988714
73288588
47840934
42825209
75083345
41879320
38193674
46367754
61328326
37133538
5022450
43961347
43435590
22931067
58783177
13829864
7664808
71056172
36733847
65391638
43688432
32791905
63570174
48608473
72759230
27195972
73200198
44393724
60298293
72919388
33442134
12971968
50164001
57467685
38482813
57644175
45365923
22256917
32491327
51847632
47172157
16742906
45316309
20321971
32985570
71123109
39344390
15288541
64553211
10989779
48815767
4886559
38661598
64616790
13469360
69562289
54429547
71909705
70021634
72344002
11002080
49295506
23596380
8773247
38328156
51612552
38004037
38971911
761860
29712611
19434845
74344793
13075792
54213137
63469715
44690572
71875365
68682374
20112862
24830319
56896868
16220950
24960025
61955402
61589502
47319402
22485461
41404543
19677371
7846170
2172153
8756901
37690662
26750286
55818444
50119551
55734135
46831500
3457283
58876971
17487830
74368345
13994320
14078592
17365200
69585775
55345501
31674774
20002065
20509236
40288905
52124626
57974923
58265095
69581803
55190593
25633362
12258408
22335161
35542843
18942482
55142636
23763039
15272948
63945084
63229963
35340244
11041121
50818105
7020604
45932216
44342344
58294473
70727545
23917394
21292793
70847628
28600631
52024762
54080227
58286225
70405873
11372186
63729640
54827647
11478468
67874638
64568295
11578055
71758531
64125848
70279759
6453740
23824520
17670707
5543411
64278826
288764
11261867
59427199
38946722
75736626
67357279
44391294
60203523
69223358
41211238
12138476
17657813
5040545
44667052
70958085
32908454
68115585
73965228
74229894
8594731
31366032
7961127
6655476
31692224
20682615
47050686
12005537
12473192
30711737
58400759
74872699
33664126
21629656
8028148
9269295
57674028
46530190
67663330
56327283
69964272
70106884
75668752
64710193
17112077
59713978
50131103
56184663
64402092
5096138
46835179
3600764
64472730
7851020
2361303
16133751
21559264
5282860
54117337
59733515
50893046
9943303
8003203
8296440
19732683
10003338
10344568
23652538
10963409
47787337
40734926
69519445
52758631
6743981
35143919
3384446
56036328
58617027
7350014
58779206
13674995
1624917
63371834
40873213
74912638
35221747
6419738
22498442
41910802
39421472
18294739
29880659
25988717
26117253
31130157
74719139
27675286
15936307
13858948
8799084
39335799
14953492
51486300
33080209
74814030
31376035
8351244
21870039
17403085
71063290
37011449
260979
10178252
17166214
61825321
56516343
1380475
53838596
48862616
6713670
33961790
33238552
5032270
44344327
58371810
73743688
65589834
51418076
30419473
47002463
10124840
15083146
56542806
2412532
18131682
23521436
5850431
295469
11523362
69625504
56894932
16145446
22015369
23070955
64238809
74685238
26353147
40330023
53728228
44558264
66715353
19356180
71276858
45340601
21269359
69933702
68914654
29171782
74299651
11315254
61509292
44191212
52400325
68727184
21860452
17029192
56481463
20155
786116
30658595
56328221
70000854
71533582
55352837
31960878
31160121
75887735
73250530
46356672
60896128
20277816
31263525
3963354
2656603
27650451
14967742
52042050
54754459
8624136
32512827
52686132
3916520
830077
32373074
47235765
19223618
66106940
71585210
57366329
34529929
55395973
33643182
20812840
52129461
58163488
65619130
52560620
74978689
37797736
30926172
66763724
21242649
68892012
28288744
39861169
35442922
15045563
55077069
21205926
67459815
48390198
64246505
74985382
38058763
41106225
8042969
9847314
4259632
14211445
22546467
43783777
36510360
56675645
7593253
68265527
3855829
74420265
16019200
17091775
58922200
19251761
67204517
38433576
55723932
46433583
63895657
61302310
36118914
41409251
19860983
15007038
53574594
38566538
60909450
20797374
51526287
34639702
59677120
48693641
123645
4822226
36152611
42723434
71114120
38993819
1616272
63034679
27724168
17842705
12251333
22059236
24781768
55003379
18332016
31334462
6729897
34594643
57919819
56116039
61725756
52633308
1856384
72399047
13148835
57061814
22653844
47971480
47916503
45772400
38109520
43085748
9287229
58373454
73807804
68090358
72981375
35859627
31297058
5271141
53660296
41908916
39347918
15426133
69919299
68352937
7264819
55456601
36007674
37070891
2579217
24632397
49177910
19010136
57781142
50707636
2712313
29823141
23745515
14589512
37291080
11166588
55711318
45941637
44709763
72623814
21914748
19146736
63108542
30604825
54231191
64173821
72150706
3463536
59120838
26998643
65504367
48084863
52338440
66313669
3690504
67972590
68388423
8648773
33473670
14201872
22173120
29223244
349532
13631819
75898190
73658275
62258727
73419177
52933905
13579667
73864262
70292220
6939719
42777701
73230533
45576789
30480691
49389965
27280281
531112
20713439
48252822
58888841
17950760
16465478
34496617
54096805
58932767
19663874
7319787
57600353
43656865
31560792
15556767
75014025
39175840
8715091
36060072
39114413
6319438
18586742
41268776
14382458
29215974
66002
2574149
24434745
41469482
22209992
30661252
56431844
74042151
1272754
49637477
36933249
73168316
43150326
11805771
4682318
30696199
57794777
51239401
23451148
3109199
45301695
19752025
10757676
39763750
31643581
18785538
49021820
12922626
48239663
58375640
73893058
71415264
50738435
3913474
711283
27740108
18464365
36496073
56118452
61819863
56303481
69035994
33904042
30986380
69111836
36861880
70384925
10555214
31867732
27527427
10169806
16836820
48978955
11250891
58999135
22252226
32308378
44712621
72735276
26261766
36766164
66652001
16885452
50875603
9263026
57429537
36995041
75578204
61178821
31302843
5496756
62459281
5283646
54147991
60929021
21560643
5336641
56214796
65577279
50928431
11323318
61823788
56456556
75005919
38859706
72343002
10963080
47774506
40234517
50003494
51207912
22223077
31171567
376992
14702759
41707713
31501001
13224918
60029051
62418950
3710737
68761677
23205679
69493045
51729031
42546718
64222196
74037331
1084774
42306257
54844217
12124698
17120471
60041344
62898377
22408390
38398774
54366654
69456878
50318518
63493848
45631759
32624521
57042198
21888820
18135544
23672054
11724533
1514036
59047475
24137486
29876381
25821875
19610415
5234886
52246351
62722198
15537409
74259063
9732322
75732081
67180024
37478349
18470079
36718919
64809446
20982944
58763517
13063124
53719085
44201687
52808850
8702522
35569881
19996964
20310297
32530284
53366955
30468617
48919079
8915727
43884876
40453221
58532950
4071011
6855226
39482474
20673817
46707564
74580916
22284589
33570535
17979607
17590511
2415767
18257847
28441871
45833122
40477678
59486773
41270108
14434406
31241946
3121773
45792081
38877079
73020549
37387413
14923575
50319537
63533589
47181658
17113445
59767330
52211831
61375918
38989626
1452745
56657126
6871012
40098128
44684323
71631654
59177645
29214116
75950677
75705268
66134317
72652913
23049609
63406315
42217972
51401102
29757487
21185009
66644052
16575441
38785174
69436254
49514182
32124744
37550895
21299373
71104248
38608811
62558097
9137470
52532853
73895776
71521266
54872513
13228242
60158687
67474754
48972819
11011587
49666279
38056527
41019021
4642013
29124304
72448009
15058353
55575879
40659516
66578455
14017158
14969274
52101798
57084631
23543707
6719000
34169660
41345482
17373992
69928663
68718133
21507463
3262621
51285153
25235476
72697991
24807651
56012816
57700059
47545399
31299344
5360295
57137302
25597876
10874454
44318092
57348645
33840253
28498609
48045904
50819039
7057030
47352830
23789153
16291394
27707341
17186452
62614603
11341204
62521342
7704025
72585635
20425767
37033614
1125414
43891217
40700520
68177611
427105
16657166
41972449
41825705
36102689
40776476
71139895
39999044
40820047
72839164
30313398
42865538
699039
27262592
75798378
69765607
62358949
1370698
53457293
33991799
34408903
50675959
1476910
57599561
43625977
30356160
44533256
65740041
57276149
31012909
70146467
1255352
48958799
10464807
28341859
41932654
40273700
51531631
34848118
67805344
61865829
58096155
62993143
26104264
30623586
54962870
16752165
45677410
34404910
50520232
71360694
48610205
72826778
29830344
24026432
25545275
8823015
40269108
51352543
27863686
23283907
72543937
18799545
49568093
34227273
43592389
29046228
69403045
48219031
57570992
42511786
62859848
20905759
55753302
47579013
32610290
56487189
243469
9495362
66490641
10592412
33318454
8148448
13960995
12778917
42635012
67665662
56418231
73511244
56524518
1699300
66272771
2095482
5766732
72988345
36131457
41898428
38938886
75431022
55438723
35310432
9878453
5474053
61573864
46709520
74657200
25259665
73641362
61599120
47694504
37114439
4277589
14911768
49859064
45575142
30416458
46884878
5539025
64107772
69574795
54917281
14974194
52293678
64567951
11564639
71235307
43720112
34027425
35798317
28905968
63932905
62754982
16815985
48166390
55517993
38401962
54490986
74305826
11556079
70901467
30700352
57956744
57556114
41931544
40230410
49843321
44961165
6471355
24511505
44463122
63004815
26559472
48376698
63720005
54451882
72780770
28036032
30005401
30853655
63935561
62858566
20855761
53803380
47489192
29107271
71783722
65108297
32638133
57573066
42592672
66014402
67976228
68530305
14182171
21404781
75215160
47020105
10812878
41916628
39648686
27156085
71644605
59682734
48912587
8662539
34010544
35139958
3229967
50011647
51525879
34623790
59056552
24491489
43682498
32560479
54544560
438075
17084996
58657819
8940902
44866701
2787259
32746035
61781244
54797340
10296495
21777691
13801513
6559119
27934301
26037892
28035078
29968195
29402621
7345235
58592825
6406136
21967964
21222160
68092941
73082112
39788370
32603761
56232558
66269997
1987296
1547478
60351713
75002768
38736817
67550331
51920322
50007067
51347259
27657610
15246943
62930889
23676358
11892389
8060420
10527903
30802603
61944533
61165611
30787653
61361483
38426661
55454247
35915868
33490457
14856565
47706147
37568516
21986592
21948652
20468992
38719389
66870639
25412334
3638316
65937258
64967612
27151418
71462592
52584227
75899362
73703983
64041339
66983908
29829825
24006191
24755876
53993591
54907421
14589654
37296618
11382570
64134616
70621711
19789868
12233553
21365816
73695525
63711477
54119290
59809682
53863559
49836173
44682393
71556384
56242115
66642720
16523493
36759202
66380483
6296250
17682410
5999828
6121952
10884788
44721118
73066659
39185703
9099748
51061695
16520614
36646921
62001524
63388260
41513827
23939447
22152860
28433104
45491209
27143071
71137059
39888440
36506491
56524754
1708504
66631727
16094766
20038849
21943812
20280232
31357749
7638090
70014170
72052906
75606473
62281312
74299992
11328553
62027953
64418991
5755199
72538558
18589764
41386634
18978920
56563718
3228100
49938834
48686172
75789491
69419014
48841822
5902704
2334116
15073458
56164974
63634221
51106306
18260443
28543115
49781638
42555528
64565786
11480204
67942342
67208751
38598702
62163846
69718818
60534178
6161766
12437534
29321075
4164941
10518496
30435730
47636486
34851737
67946485
67370328
44900205
4093915
7748482
74319458
12087727
15678602
3808453
72572601
19917441
17208900
63490075
45484612
26885788
61103022
28346682
42120751
47609483
33798620
26874922
60679248
11819496
5217593
51571924
36419545
53133860
21377912
74167269
6152356
12070544
15008465
53630247
40737005
69600526
55920790
54111045
59488127
41322914
16493840
35602735
21278270
70281231
6511148
26063432
29031138
68814535
25267141
73932926
72970116
35420526
14172119
21012753
59926068
58402613
74945005
36484060
55649945
43548090
27318567
2024266
2989308
40625946
65269225
38914325
74473143
18081442
21562076
5392528
58394389
74624269
23975356
23553311
7093556
48777344
3388062
56177352
64116963
69933244
68896792
28475164
47131549
15159194
59508678
42124403
47751911
39353312
15636499
2166436
8533938
28995105
67409248
46418085
63291235
37729852
28278696
39469297
20159914
26665347
52505823
72841606
30408636
46579820
69598900
55857376
51637899
38992570
1567561
61134950
29591874
14726102
42618090
67005704
30679869
57157907
26401471
42214659
51271895
24718414
52532573
73884856
71095386
38263193
49078995
15152451
59245701
31868300
27549579
11033734
50530012
71742114
63485585
45309502
20056498
22632123
47124361
14878862
48575730
71482253
53351006
29846606
24660650
50279777
61982949
62663835
13261252
61446077
41725827
32207447
40776312
71133499
39749600
31091731
73220525
45186477
15258523
63382509
41289538
15192176
60794976
16332888
29325607
4341689
17411668
71398027
50066192
53653134
41629598
28454516
46326277
59710723
50004158
51233808
23233021
70559383
17359076
69346939
46030897
48190903
56474000
75686235
65392030
43703720
33388137
10866085
43991701
44619396
69099501
36380815
51623390
38426719
55456509
36004086
36930959
73079006
39667236
27879535
23902018
20693129
47460732
27997331
28496062
47946571
46945052
7885811
3718152
69050862
34483894
53600608
39581084
24519607
44779100
75327957
51419188
30462841
48693815
130431
5086880
46474117
65476483
46997387
9926876
7362550
59268110
32742251
61633668
49041876
13704810
2787702
32763312
62455047
5118520
47708077
37643786
24922122
60477185
3939039
1708318
66624473
15811860
9005515
47386608
25106495
67667732
56498961
702577
27400574
5222539
51764818
43942411
42697086
70086548
74875648
33779137
26115085
31045605
71421611
50985968
13567261
73380428
51422694
30599575
54026441
56188571
64554504
11040206
50782420
5628889
67612468
54343665
68560307
15352249
67037823
31932510
30053769
32740007
61546152
45628752
32507248
52468551
71387998
49675061
38399025
54376443
69838649
65207587
36510443
56678882
7719496
73189004
43957158
43272219
16559598
38167297
45339051
21208909
67576152
52927341
13323671
63880418
60707989
12940395
48932654
9445152
64532451
10180139
17239807
64695448
16537022
37286833
11000955
49251631
21885255
17996509
18249689
28123709
33424804
12296098
23805071
16912196
51918619
49940650
48756996
2594490
25228044
72408143
13503579
70896830
30519509
50903867
10365322
24461944
42530243
63579671
48978856
11247030
58848556
16379645
31149130
75459086
56533219
2038639
3549855
62487279
6375568
20775812
50685369
1843900
71912171
70117808
137651
5368460
57455737
38016841
39471267
20236744
29661717
17449979
72892156
32380086
47509233
29888870
26308946
38606184
62455644
5141803
48616114
73057229
38817933
70713855
23383484
470303
18341888
31719470
21745209
12534715
33111134
62968
2455823
19820031
13409910
67243739
39963234
39423457
18372154
32899844
67779795
60869418
19236126
66594752
14652741
39757011
31380760
8535519
29056764
69813949
64244287
74898880
34685185
61450957
41916147
39629927
26424484
43112166
10317531
22598095
45797269
39079411
4954360
41305837
15827837
9628618
71687625
61360514
38388870
53980398
54392894
70480238
14272421
24924531
60571136
7603128
68650652
18875704
52538294
74107975
3839890
73798644
67733118
59049015
24197546
32218721
41215998
12324116
24897773
59527574
42861347
535590
20888081
55063860
20690775
47368926
24416897
40773410
71020321
35335658
10862267
43842799
38812218
70490970
14690969
41247903
13568411
73425278
53171844
22859288
55983796
56568279
3405979
56876115
15411583
69351849
46222387
55659013
43901742
41110995
8228999
17102484
59339851
35540150
18837455
51046583
15931246
13661569
1101303
42950888
4027689
5165668
49546849
33398757
11280265
60144721
66930080
27730533
18090940
21932498
19838986
14149155
20117157
24997824
63429563
43124644
10804173
41577133
26408381
42484149
61782005
54827019
11453976
66919450
27315963
1922710
74985761
38073544
41682684
30524870
51112946
18519403
38642555
63874113
60462094
3350490
54712044
6969951
43956749
43256268
15937509
13905826
10627326
34680100
61252642
34181862
41821360
35933234
34167731
41270251
14439983
31459449
11604390
72785596
28224246
37345747
13298601
62902688
22576519
44955805
6262315
16358945
30341830
43974386
43944111
42763386
72672248
23803674
16857713
49793782
43029144
7079673
48235907
58229156
68180182
527374
20567657
42567324
65025830
29421920
8097896
11989467
11846462
6269267
16630073
40915822
617252
24072899
27357488
3542185
62188149
70666635
21541904
4605820
27712777
17398456
70882759
29970740
29501876
11216180
57645406
45413932
24129268
29555879
13322297
63826832
58618135
7393226
60464474
3443310
58332024
72192034
5075328
46023589
47905891
45358532
21968668
21249616
69163725
38885551
73350957
50273325
61731321
52850343
10320749
22723597
50691847
2096542
5808072
74600605
23052460
63517504
46554343
68605297
17106859
59510476
42194525
50486669
70051737
73518019
56788743
12004075
12416174
28488035
47633518
34735985
63432157
43225810
14749647
43536345
26860512
60117258
65859023
61916447
60070257
64025984
66385063
6474870
24648590
49809437
43639689
30890928
65389208
43593662
29095875
71339278
47774981
40253042
50725969
3427300
57707634
47840824
42820919
74916035
35354230
11586575
